1.0
1.0134865154089754
1.0134865154089754
1.0134865154089754
1.0134865154089754
1.0134865154089754
1.0134865154089754
1.0134865154089754
1.0134865154089754
1.0134865154089754
1.0134865154089754
1.0151723538631008
1.0168581923172262
1.0168581923172262
1.0168581923172262
1.0168581923172262
1.0168581923172262
1.0168581923172262
1.0168581923172262
1.0168581923172262
1.0168581923172262
1.0168581923172262
1.0168581923172262
1.0168581923172262
1.0168581923172262
1.0168581923172262
1.0185440307713516
1.0185440307713516
1.0185440307713516
1.0185440307713516
1.0185440307713516