1.0
1.0084296554849494
1.0084296554849494
1.0084296554849494
1.0084296554849494
1.0084296554849494
1.0084296554849494
1.0101155865819393
1.0118015176789292
1.0134874487759191
1.015173379872909
1.015173379872909
1.015173379872909
1.015173379872909
1.015173379872909
1.015173379872909
1.015173379872909
1.015173379872909
1.015173379872909
1.015173379872909
1.015173379872909
1.015173379872909
1.015173379872909
1.016859310969899
1.0185452420668888
1.0202311731638787
1.0202311731638787
1.0202311731638787
1.0202311731638787
1.0202311731638787
1.0202311731638787