1.0
1.0090653295722265
1.0090653295722265
1.0090653295722265
1.0090653295722265
1.0090653295722265
1.0090653295722265
1.0108783954866718
1.012691461401117
1.0145045273155624
1.0163175932300077
1.0163175932300077
1.0163175932300077
1.0163175932300077
1.0163175932300077
1.0163175932300077
1.0163175932300077
1.0163175932300077
1.0163175932300077
1.0163175932300077
1.0163175932300077
1.0163175932300077
1.0163175932300077
1.018130659144453
1.0199437250588983
1.0217567909733436
1.0217567909733436
1.0217567909733436
1.0217567909733436
1.0217567909733436
1.0217567909733436