1.0
3.9898815509825827
3.9898815509825827
3.9898815509825827
3.9898815509825827
3.9898815509825827
3.9898815509825827
3.9898815509825827
3.9898815509825827
3.9898815509825827
3.9898815509825827
3.9898815509825827
3.9898815509825827
4.984690176441826
5.9794988019010695
5.9794988019010695
5.9794988019010695
5.9794988019010695
5.9794988019010695
5.9794988019010695
5.9794988019010695
5.9794988019010695
5.9794988019010695
5.9794988019010695
5.9794988019010695
5.9794988019010695
5.9794988019010695
5.98131749127103
5.98313618064099
5.98313618064099
5.98313618064099