1.0
1.0101143208380794
1.0101143208380794
1.0101143208380794
1.0101143208380794
1.0101143208380794
1.0101143208380794
1.0101143208380794
1.0101143208380794
1.0101143208380794
1.0101143208380794
1.0101143208380794
1.0101143208380794
1.0117999364119374
1.0134855519857955
1.0134855519857955
1.0134855519857955
1.0134855519857955
1.0134855519857955
1.0134855519857955
1.0134855519857955
1.0134855519857955
1.0134855519857955
1.0134855519857955
1.0134855519857955
1.0134855519857955
1.0134855519857955
1.015171391498877
1.0168572310119584
1.0168572310119584
1.0168572310119584