1.0
2.526955687903933
2.526955687903933
2.526955687903933
2.526955687903933
2.526955687903933
2.526955687903933
2.526955687903933
2.526955687903933
2.526955687903933
2.526955687903933
2.526955687903933
2.526955687903933
2.526955687903933
2.526955687903933
2.528786594737526
2.530617501571119
2.530617501571119
2.530617501571119
2.530617501571119
2.530617501571119
2.530617501571119
2.530617501571119
2.530617501571119
2.530617501571119
2.530617501571119
2.530617501571119
2.530617501571119
2.530617501571119
2.5324484084047123
2.5342793152383054