1.0
1.0202299238458685
1.0202299238458685
1.0202299238458685
1.0202299238458685
1.0202299238458685
1.0202299238458685
1.0202299238458685
1.0202299238458685
1.0202299238458685
1.0202299238458685
1.0202299238458685
1.0202299238458685
1.0202299238458685
1.0202299238458685
1.0219159286886237
1.0236019335313788
1.0236019335313788
1.0236019335313788
1.0236019335313788
1.0236019335313788
1.0236019335313788
1.0236019335313788
1.0236019335313788
1.0236019335313788
1.0236019335313788
1.0236019335313788
1.0236019335313788
1.0236019335313788
1.025287938374134
1.0269739432168892