1.0
7.965446789698268
7.965446789698268
7.965446789698268
7.965446789698268
7.965446789698268
7.965446789698268
7.965446789698268
7.965446789698268
7.965446789698268
7.965446789698268
8.9602515605734
9.955056331448533
9.955056331448533
9.955056331448533
9.955056331448533
9.955056331448533
9.955056331448533
9.955056331448533
9.955056331448533
9.955056331448533
9.955056331448533
9.955056331448533
9.955056331448533
9.955056331448533
9.955056331448533
10.949861102323666
10.949861102323666
10.949861102323666
10.949861102323666
10.949861102323666