1.0
1.0090978472109016
1.0090978472109016
1.0090978472109016
1.0090978472109016
1.0090978472109016
1.0090978472109016
1.0109174166530819
1.0127369860952622
1.0145565555374425
1.0163761249796228
1.0163761249796228
1.0163761249796228
1.0163761249796228
1.0163761249796228
1.0163761249796228
1.0163761249796228
1.0163761249796228
1.0163761249796228
1.0163761249796228
1.0163761249796228
1.0163761249796228
1.0163761249796228
1.0181956944218031
1.0200152638639834
1.0218348333061638
1.0218348333061638
1.0218348333061638
1.0218348333061638
1.0218348333061638
1.0218348333061638