1.0
11.432584464404329
11.432584464404329
11.432584464404329
11.432584464404329
11.432584464404329
11.432584464404329
11.432584464404329
11.432584464404329
11.432584464404329
11.432584464404329
11.432584464404329
11.432584464404329
11.432584464404329
11.432584464404329
12.427381547885226
13.422178631366123
13.422178631366123
13.422178631366123
13.422178631366123
13.422178631366123
13.422178631366123
13.422178631366123
13.422178631366123
13.422178631366123
13.422178631366123
13.422178631366123
13.422178631366123
13.422178631366123
14.41697571484702
15.411772798327917