1.0
3.9898898073412576
3.9898898073412576
3.9898898073412576
3.9898898073412576
3.9898898073412576
3.9898898073412576
3.9898898073412576
3.9898898073412576
3.9898898073412576
3.9898898073412576
3.9898898073412576
3.9898898073412576
3.9917099507342977
3.9935300941273377
3.9935300941273377
3.9935300941273377
3.9935300941273377
3.9935300941273377
3.9935300941273377
3.9935300941273377
3.9935300941273377
3.9935300941273377
3.9935300941273377
3.9935300941273377
3.9935300941273377
3.9935300941273377
4.9883397257312145
5.983149357335091
5.983149357335091
5.983149357335091