1.0
5.9734071677319225
5.9734071677319225
5.9734071677319225
5.9734071677319225
5.9734071677319225
5.9734071677319225
6.968088601278307
7.9627700348246915
8.957451468371076
9.95213290191746
9.95213290191746
9.95213290191746
9.95213290191746
9.95213290191746
9.95213290191746
9.95213290191746
9.95213290191746
9.95213290191746
9.95213290191746
9.95213290191746
9.95213290191746
9.95213290191746
10.946814335463845
11.94149576901023
12.936177202556614
12.936177202556614
12.936177202556614
12.936177202556614
12.936177202556614
12.936177202556614