1.0
2.007580179483779
2.007580179483779
2.007580179483779
2.007580179483779
2.007580179483779
2.007580179483779
2.007580179483779
2.007580179483779
2.007580179483779
2.007580179483779
2.009403731700394
2.011227283917009
2.011227283917009
2.011227283917009
2.011227283917009
2.011227283917009
2.011227283917009
2.011227283917009
2.011227283917009
2.011227283917009
2.011227283917009
2.011227283917009
2.011227283917009
2.011227283917009
2.011227283917009
2.013050836133624
2.013050836133624
2.013050836133624
2.013050836133624
2.013050836133624