1.0
1.011770365172492
1.011770365172492
1.0134501433494343
1.0134501433494343
1.0134501433494343
1.0134501433494343
1.0134501433494343
1.0134501433494343
1.0134501433494343
1.0134501433494343
1.0134501433494343
1.0134501433494343
1.0134501433494343
1.0134501433494343
1.0134501433494343
1.0134501433494343
1.0151299215263765
1.0151299215263765
1.0151299215263765
1.0151299215263765
1.0151299215263765
1.0151299215263765
1.0151299215263765
1.0151299215263765
1.0151299215263765
1.0151299215263765
1.0151299215263765
1.0151299215263765
1.0151299215263765
1.0151299215263765