1.0
1.0
1.0
1.0
1.0
1.0016999831005562
1.0033999662011124
1.0033999662011124
1.0033999662011124
1.0033999662011124
1.0033999662011124
1.0033999662011124
1.0033999662011124
1.0033999662011124
1.0033999662011124
1.0033999662011124
1.0033999662011124
1.0033999662011124
1.0033999662011124
1.0033999662011124
1.0033999662011124
1.0050850482546707
1.006770130308229
1.006770130308229
1.006770130308229
1.006770130308229
1.006770130308229
1.006770130308229
1.006770130308229
1.006770130308229
1.006770130308229