1.0
3.0002526228372615
3.0020146101580805
3.0020146101580805
3.0020146101580805
3.0020146101580805
3.0020146101580805
3.0020146101580805
3.0020146101580805
3.0020146101580805
3.0020146101580805
3.0020146101580805
3.0020146101580805
3.0020146101580805
3.0020146101580805
3.0020146101580805
3.0020146101580805
3.0020146101580805
3.0020146101580805
3.0020146101580805
3.0037765974788995
3.0037765974788995
3.0037765974788995
3.0037765974788995
3.0037765974788995
3.0037765974788995
3.0037765974788995
3.0037765974788995
3.0037765974788995
3.0037765974788995
3.0037765974788995