1.0
12.943851847304732
12.943851847304732
12.943851847304732
13.938719768574995
13.938719768574995
13.938719768574995
13.938719768574995
13.938719768574995
13.938719768574995
13.938719768574995
13.938719768574995
13.938719768574995
13.938719768574995
13.938719768574995
13.938719768574995
13.938719768574995
13.938719768574995
14.933587689845258
15.92845561111552
15.92845561111552
15.92845561111552
15.92845561111552
15.92845561111552
15.92845561111552
15.92845561111552
15.92845561111552
15.92845561111552
15.92845561111552
15.92845561111552
15.92845561111552