1.0
3.0118598246173685
3.0118598246173685
3.0118598246173685
3.013575369941177
3.013575369941177
3.013575369941177
3.013575369941177
3.013575369941177
3.013575369941177
3.013575369941177
3.013575369941177
3.013575369941177
3.013575369941177
3.013575369941177
3.013575369941177
3.013575369941177
3.013575369941177
3.015290915264986
3.0170064605887945
3.0170064605887945
3.0170064605887945
3.0170064605887945
3.0170064605887945
3.0170064605887945
3.0170064605887945
3.0170064605887945
3.0170064605887945
3.0170064605887945
3.0170064605887945
3.0170064605887945