1.0
5.978402488757056
5.978402488757056
6.973354425299614
6.973354425299614
6.973354425299614
6.973354425299614
6.973354425299614
6.973354425299614
6.973354425299614
6.973354425299614
6.973354425299614
6.973354425299614
6.973354425299614
6.973354425299614
6.973354425299614
6.973354425299614
7.9683063618421714
7.9683063618421714
7.9683063618421714
7.9683063618421714
7.9683063618421714
7.9683063618421714
7.9683063618421714
7.9683063618421714
7.9683063618421714
7.9683063618421714
7.9683063618421714
7.9683063618421714
7.9683063618421714
7.9683063618421714