1.0
1.0
1.0
1.0
1.0
1.0016999831018134
1.0033999662036268
1.0033999662036268
1.0033999662036268
1.0033999662036268
1.0033999662036268
1.0033999662036268
1.0033999662036268
1.0033999662036268
1.0033999662036268
1.0033999662036268
1.0033999662036268
1.0033999662036268
1.0033999662036268
1.0033999662036268
1.0033999662036268
1.0050850482574385
1.0067701303112502
1.0067701303112502
1.0067701303112502
1.0067701303112502
1.0067701303112502
1.0067701303112502
1.0067701303112502
1.0067701303112502
1.0067701303112502