1.0
1.0251935079178764
1.0251935079178764
1.0251935079178764
1.0268723984563122
1.0268723984563122
1.0268723984563122
1.0268723984563122
1.0268723984563122
1.0268723984563122
1.0268723984563122
1.0268723984563122
1.0268723984563122
1.0268723984563122
1.0268723984563122
1.0268723984563122
1.0268723984563122
1.0268723984563122
1.028551288994748
1.0302301795331836
1.0302301795331836
1.0302301795331836
1.0302301795331836
1.0302301795331836
1.0302301795331836
1.0302301795331836
1.0302301795331836
1.0302301795331836
1.0302301795331836
1.0302301795331836
1.0302301795331836