1.0
1.0
1.0
1.0
1.0
1.9949000507031474
2.9898001014062947
2.9898001014062947
2.9898001014062947
2.9898001014062947
2.9898001014062947
2.9898001014062947
2.9898001014062947
2.9898001014062947
2.9898001014062947
2.9898001014062947
2.9898001014062947
2.9898001014062947
2.9898001014062947
2.9898001014062947
2.9898001014062947
3.984744855246934
4.979689609087573
4.979689609087573
4.979689609087573
4.979689609087573
4.979689609087573
4.979689609087573
4.979689609087573
4.979689609087573
4.979689609087573