1.0
1.013448179893759
1.0151279563485214
1.0151279563485214
1.0151279563485214
1.0151279563485214
1.0151279563485214
1.0151279563485214
1.0151279563485214
1.0151279563485214
1.0151279563485214
1.0151279563485214
1.0151279563485214
1.0151279563485214
1.0151279563485214
1.0151279563485214
1.0151279563485214
1.0151279563485214
1.0151279563485214
1.0151279563485214
1.0168077328032838
1.0168077328032838
1.0168077328032838
1.0168077328032838
1.0168077328032838
1.0168077328032838
1.0168077328032838
1.0168077328032838
1.0168077328032838
1.0168077328032838
1.0168077328032838