1.0
2.019094820160022
2.019094820160022
2.019094820160022
2.020832463027515
2.020832463027515
2.020832463027515
2.020832463027515
2.020832463027515
2.020832463027515
2.020832463027515
2.020832463027515
2.020832463027515
2.020832463027515
2.020832463027515
2.020832463027515
2.020832463027515
2.020832463027515
2.022570105895008
2.0243077487625007
2.0243077487625007
2.0243077487625007
2.0243077487625007
2.0243077487625007
2.0243077487625007
2.0243077487625007
2.0243077487625007
2.0243077487625007
2.0243077487625007
2.0243077487625007
2.0243077487625007