1.0
2.9980567808979592
2.9980567808979592
2.999745288001517
2.999745288001517
2.999745288001517
2.999745288001517
2.999745288001517
2.999745288001517
2.999745288001517
2.999745288001517
2.999745288001517
2.999745288001517
2.999745288001517
2.999745288001517
2.999745288001517
2.999745288001517
3.001433795105075
3.001433795105075
3.001433795105075
3.001433795105075
3.001433795105075
3.001433795105075
3.001433795105075
3.001433795105075
3.001433795105075
3.001433795105075
3.001433795105075
3.001433795105075
3.001433795105075
3.001433795105075