1.0
6.972851017375221
7.967729477144877
7.967729477144877
7.967729477144877
7.967729477144877
7.967729477144877
7.967729477144877
7.967729477144877
7.967729477144877
7.967729477144877
7.967729477144877
7.967729477144877
7.967729477144877
7.967729477144877
7.967729477144877
7.967729477144877
7.967729477144877
7.967729477144877
7.967729477144877
8.962607936914534
8.962607936914534
8.962607936914534
8.962607936914534
8.962607936914534
8.962607936914534
8.962607936914534
8.962607936914534
8.962607936914534
8.962607936914534
8.962607936914534