107.80464001397756
134.16083005965842
76.33931568116571
55.594565728861674
375.5242598351122
69.53771230348465
117.22049930350242
101.54360363439484
99.24501367435407
93.85386676728244
377.6795019446826
53.003315757912624
43.707615762373074
75.59297942709247
108.58770247049132
349.07568163396206
61.271515481239234
77.34553696740859
33.41486999525007
40.46233576027887
69.1991718943996
89.11824791979939
19.06706780588957
109.09676717452125
37.57574506523188
117.57702107448742
94.68274149478205
125.75198094877707
26.051357935607996
355.9306338929149
375.0
33.33980251910796
358.84443743407115
70.57294570394154
115.46906772119466
61.00162100336971
119.71196534667817
366.87999454691305
81.99682958047305
79.37823382011771
131.38004788940424
65.34984874101492
105.08113049904959
18.237244876220323
13.034710226772432
27.55314502342425
24.36770176331477
50.453890461779025
34.98948128734912
92.24175838070624
13.210418270515603
69.53411198966366
48.5177813584097
27.65320272092815
79.69670044678814
15.0
43.60416036592352
49.395069441706234
47.325422008826095
71.82599801470164
18.941968368738934
59.38116262550321
27.222359772363678
58.05050274325911
13.750192334112988
23.74541486023101
88.78193845040758
35.31478764087001
62.01638243586598
76.07330779087515
84.26535698744416
88.27384760780895
56.35582448747063
64.2521157947634
39.54741282104334
55.283608266255435
98.84424877962992
137.56187481033635
65.30569704202742
71.40545949778544
88.59947440523653
138.85312302684517
47.27328720852675
79.1845327174456
56.1519906585007
14.109184132569215
134.78643275682563
144.91236070648264
38.48916566400874
38.72176979809551
66.28538273280049
98.54582618468942
21.33119660785116
126.92887756563883
129.21243530726895
79.44982188409534
74.06724102811381
135.86323287918322
172.14550675166817
133.78365140245785
49.205697745230644
87.58119135064379
126.32484805227597
105.39723819059988
178.65030197628627
97.49670980314404
87.02776011951796
43.278844390752454
127.3294266578671
115.66980573028414
95.68390857561286
195.47870167862143
113.80937160234875
179.78574004835727
40.957447460874974
43.55817221852432
168.90023073472025
163.88811801894985
84.0365329294027
121.14780758850968
48.45298978300809
53.28323323169239
185.14952181248955
108.84484680641637
115.46008239762726
36.99378755955948
99.22283424695557
48.604576976695384
65.47373436472554
59.23178664454132
60.21105001479521
123.56559029179644
93.21474156945253
120.63324522201555
55.055138471282866
68.33122946562827
52.11487968657573
102.23832813609583
107.04591427209527
108.01519198798556