273
273
272.8888888888889
272.77777777777777
272.6666666666667
272.55555555555554
272.44444444444446
272.3333333333333
272.22222222222223
272.1111111111111
272
272.07142857142856
272.14285714285717
272.2142857142857
272.2857142857143
272.35714285714283
272.42857142857144
272.5
272.57142857142856
272.64285714285717
272.7142857142857
272.7857142857143
272.85714285714283
272.92857142857144
273
273
273
273
273
273
273
273
273
273
273
273
273
273
273
273
273
273
273
273
273
273
273
273
273
273
273
273
273
273
273
273
273
273
272.9230769230769
272.84615384615387
272.7692307692308
272.6923076923077
272.61538461538464
272.53846153846155
272.46153846153845
272.38461538461536
272.3076923076923
272.2307692307692
272.15384615384613
272.0769230769231
272
272
272
272
272
272
272
272
272
272
272
272
272
272
272
272
272
272
272
272
272
272
272
272
272
272
272
272
272
272
272
272
272
272
272
272.14285714285717
272.2857142857143
272.42857142857144
272.57142857142856
272.7142857142857
272.85714285714283
273
273.14285714285717
273.2857142857143
273.42857142857144
273.57142857142856
273.7142857142857
273.85714285714283
274
274.3333333333333
274.6666666666667
275
275.14285714285717
275.2857142857143
275.42857142857144
275.57142857142856
275.7142857142857
275.85714285714283
276
276.25
276.5
276.75
277
277.25
277.5
277.75
278
278.2
278.4
278.6
278.8
279
279.2
279.4
279.6
279.8
280
280.3333333333333
280.6666666666667
281
281.1666666666667
281.3333333333333
281.5
281.6666666666667
281.8333333333333
282
282.22222222222223
282.44444444444446
282.6666666666667
282.8888888888889
283.1111111111111
283.3333333333333
283.55555555555554
283.77777777777777
284
284.1666666666667
284.3333333333333
284.5
284.6666666666667
284.8333333333333
285
285.14285714285717
285.2857142857143
285.42857142857144
285.57142857142856
285.7142857142857
285.85714285714283
286
286
286
286
286.07142857142856
286.14285714285717
286.2142857142857
286.2857142857143
286.35714285714283
286.42857142857144
286.5
286.57142857142856
286.64285714285717
286.7142857142857
286.7857142857143
286.85714285714283
286.92857142857144
287
287
287
287
287
287
287
287
287
287
287
287
287
287
287
286.9166666666667
286.8333333333333
286.75
286.6666666666667
286.5833333333333
286.5
286.4166666666667
286.3333333333333
286.25
286.1666666666667
286.0833333333333
286
285.75
285.5
285.25
285
285
285
285
285
285
285
285
285
285
285
284.8888888888889
284.77777777777777
284.6666666666667
284.55555555555554
284.44444444444446
284.3333333333333
284.22222222222223
284.1111111111111
284
283.9
283.8
283.7
283.6
283.5
283.4
283.3
283.2
283.1
283
282.85714285714283
282.7142857142857
282.57142857142856
282.42857142857144
282.2857142857143
282.14285714285717
282
281.9230769230769
281.84615384615387
281.7692307692308
281.6923076923077
281.61538461538464
281.53846153846155
281.46153846153845
281.38461538461536
281.3076923076923
281.2307692307692
281.15384615384613
281.0769230769231
281
281
281
281
281
281
281
281
281
281
281
281
281
281
280.9583333333333
280.9166666666667
280.875
280.8333333333333
280.7916666666667
280.75
280.7083333333333
280.6666666666667
280.625
280.5833333333333
280.5416666666667
280.5
280.4583333333333
280.4166666666667
280.375
280.3333333333333
280.2916666666667
280.25
280.2083333333333
280.1666666666667
280.125
280.0833333333333
280.0416666666667
280
279.9166666666667
279.8333333333333
279.75
279.6666666666667
279.5833333333333
279.5
279.4166666666667
279.3333333333333
279.25
279.1666666666667
279.0833333333333
279
278.92857142857144
278.85714285714283
278.7857142857143
278.7142857142857
278.64285714285717
278.57142857142856
278.5
278.42857142857144
278.35714285714283
278.2857142857143
278.2142857142857
278.14285714285717
278.07142857142856
278
277.93333333333334
277.8666666666667
277.8
277.73333333333335
277.6666666666667
277.6
277.53333333333336
277.46666666666664
277.4
277.3333333333333
277.26666666666665
277.2
277.1333333333333
277.06666666666666
277
277
277
277
277
277
277
277
276.89473684210526
276.7894736842105
276.6842105263158
276.57894736842104
276.4736842105263
276.36842105263156
276.2631578947368
276.1578947368421
276.05263157894734
275.94736842105266
275.8421052631579
275.7368421052632
275.63157894736844
275.5263157894737
275.42105263157896
275.3157894736842
275.2105263157895
275.10526315789474
275
275
275
275
275
275
275
275
275
275
275
275
275
275
275
275
275
275
275
275
275
275
275
275
275
275
275
275
275
275
275
275
275
275
275
275
275
275
275
274.8888888888889
274.77777777777777
274.6666666666667
274.55555555555554
274.44444444444446
274.3333333333333
274.22222222222223
274.1111111111111
274
273.8333333333333
273.6666666666667
273.5
273.3333333333333
273.1666666666667
273
273.5
274
274.5
275
275.5
276
276.5
277
277.5
278
278.5
279
279.42857142857144
279.85714285714283
280.2857142857143
280.7142857142857
281.14285714285717
281.57142857142856
282
282.28125
282.5625
282.84375
283.125
283.40625
283.6875
283.96875
284.25
284.53125
284.8125
285.09375
285.375
285.65625
285.9375
286.21875
286.5
286.78125
287.0625
287.34375
287.625
287.90625
288.1875
288.46875
288.75
289.03125
289.3125
289.59375
289.875
290.15625
290.4375
290.71875
291
291.125
291.25
291.375
291.5
291.625
291.75
291.875
292
292.125
292.25
292.375
292.5
292.625
292.75
292.875
293
293.125
293.25
293.375
293.5
293.625
293.75
293.875
294
294
294
294
294
294
294
294
294
294
294
294
294
293.9230769230769
293.84615384615387
293.7692307692308
293.6923076923077
293.61538461538464
293.53846153846155
293.46153846153845
293.38461538461536
293.3076923076923
293.2307692307692
293.15384615384613
293.0769230769231
293
293
293
293
293
293
293
293
293
293
293
293
293
293
293
293
293
293
293
293
293
293
293
293
293
293
293
293
293
293
293
293
293
293
293
293
293
293
293
293
293
293
293
293
293
293
293
293
293
293
293
293
293
293
293
293
293
293
292.75
292.5
292.25
292
291.88235294117646
291.7647058823529
291.6470588235294
291.52941176470586
291.4117647058824
291.29411764705884
291.1764705882353
291.05882352941177
290.94117647058823
290.8235294117647
290.70588235294116
290.5882352941176
290.47058823529414
290.3529411764706
290.2352941176471
290.11764705882354
290
290
290
290
290
289.6666666666667
289.3333333333333
289
288.6666666666667
288.3333333333333
288
287.85714285714283
287.7142857142857
287.57142857142856
287.42857142857144
287.2857142857143
287.14285714285717
287
286.8
286.6
286.4
286.2
286
285.8181818181818
285.6363636363636
285.45454545454544
285.27272727272725
285.09090909090907
284.90909090909093
284.72727272727275
284.54545454545456
284.3636363636364
284.1818181818182
284
283.8333333333333
283.6666666666667
283.5
283.3333333333333
283.1666666666667
283
282.8
282.6
282.4
282.2
282
281.6666666666667
281.3333333333333
281
280.75
280.5
280.25
280
279.8181818181818
279.6363636363636
279.45454545454544
279.27272727272725
279.09090909090907
278.90909090909093
278.72727272727275
278.54545454545456
278.3636363636364
278.1818181818182
278
277.875
277.75
277.625
277.5
277.375
277.25
277.125
277
276.85714285714283
276.7142857142857
276.57142857142856
276.42857142857144
276.2857142857143
276.14285714285717
276
275.72727272727275
275.45454545454544
275.1818181818182
274.90909090909093
274.6363636363636
274.3636363636364
274.09090909090907
273.8181818181818
273.54545454545456
273.27272727272725
273
273
273
273
273
273
273
273
273
273
273
273
273
273
273
273
273
273
273
273
273
273
273
272.75
272.5
272.25
272
271.75
271.5
271.25
271
270.8
270.6
270.4
270.2
270
269.85714285714283
269.7142857142857
269.57142857142856
269.42857142857144
269.2857142857143
269.14285714285717
269
269
269
269
269
269
269
269
269
269
268.5
268
377
377
377
377
377
377
377
377
377
377
377
377
377
377
377
376.8695652173913
376.7391304347826
376.60869565217394
376.4782608695652
376.3478260869565
376.2173913043478
376.0869565217391
375.95652173913044
375.82608695652175
375.69565217391306
375.5652173913044
375.4347826086956
375.30434782608694
375.17391304347825
375.04347826086956
374.9130434782609
374.7826086956522
374.6521739130435
374.5217391304348
374.39130434782606
374.2608695652174
374.1304347826087
374
373.8888888888889
373.77777777777777
373.6666666666667
373.55555555555554
373.44444444444446
373.3333333333333
373.22222222222223
373.1111111111111
373
372.75
372.5
372.25
372
371.75
371.5
371.25
371
370.75
370.5
370.25
370
369.75
369.5
369.25
369
368.75
368.5
368.25
368
367.75
367.5
367.25
367
366.75
366.5
366.25
366
365.75
365.5
365.25
365
364.75
364.5
364.25
364
363.8
363.6
363.4
363.2
363
362.8
362.6
362.4
362.2
362
361.8
361.6
361.4
361.2
361
360.8333333333333
360.6666666666667
360.5
360.3333333333333
360.1666666666667
360
360
360
360
360
360
360
360
360
360
359.5
359
358.5
358
357.6
357.2
356.8
356.4
356
355.6
355.2
354.8
354.4
354
353.55
353.1
352.65
352.2
351.75
351.3
350.85
350.4
349.95
349.5
349.05
348.6
348.15
347.7
347.25
346.8
346.35
345.9
345.45
345
344.4166666666667
343.8333333333333
343.25
342.6666666666667
342.0833333333333
341.5
340.9166666666667
340.3333333333333
339.75
339.1666666666667
338.5833333333333
338
337.4166666666667
336.8333333333333
336.25
335.6666666666667
335.0833333333333
334.5
333.9166666666667
333.3333333333333
332.75
332.1666666666667
331.5833333333333
331
330.25
329.5
328.75
328
327.25
326.5
325.75
325
324.25
323.5
322.75
322
321.25
320.5
319.75
319
318.25
317.5
316.75
316
315.25
314.5
313.75
313
311.8888888888889
310.77777777777777
309.6666666666667
308.55555555555554
307.44444444444446
306.3333333333333
305.22222222222223
304.1111111111111
498.6
498.8
499
499.1111111111111
499.22222222222223
499.3333333333333
499.44444444444446
499.55555555555554
499.6666666666667
499.77777777777777
499.8888888888889
303
500
500
500
500
500
500
500
500
500
500
500
500
500
500
500
500
500
500
500
500
500
500
500
500
500
500
500
500
500
500
500
500
500
500
500
500
500
500
500
500
500
500
500
500
500
500
500
500
500
500
500
500
500
500
500
500
500
500
500
500
500
500
500
500
500
500
500
500
500
500
500
500
500
500
500
500
500
500
500
500
500
500
500
500
500
500
500
500
500
500
500
500
500
500
500
500
500
500
500
500
500
500
500
500
500
500
500
500
500
499
499
499
499
499
499
499
499
499
499
499
500
500
500
500
500
500
500
500
500
500
500
500
500
500
500
500
500
500
500
500
500
500
500
500
500
500
500
500
500
500
500
500
500
500
500
500
500
500
500
500
500
500
500
500
500
500
500
500
500
500
500
500
500
500
500
500
500
500
500
500
500
495.2
495
494.8
494.6
494.4
494.2
494
493.8
493.6
493.4
493.2