287.68745982629116
294.23484065155094
294.68805013893166
305.0
299.83601109528973
303.9103067822628
288.1970672082777
204.0025539919428
187.5104451927484
182.88167971702578
171.88337398023432
193.8851680759877
177.40060576488565
160.91733040245694
38.62199703193198
46.01286466020531
24.892830902718572
18.295273694357263
36.9888559763109
8.432618378688915
10.0
51.50535819206402
92.03995670357838
80.45654205602605
51.351630329235235
46.541354063342624
67.04477550511089
58.1290387760433
77.39988370089807
47.80250297133341
69.9945653361547
74.13227192234598
106.54136499960853
99.15206408167236
28.703319503112425
62.0405786722464
74.82566151032685
71.17143107297699
89.81252698559194
87.40781900353895
68.5153058355655
58.17307958547994
66.36219207484294
80.90249028666054
58.83243990412535
37.598490558837625
75.78801744876972
40.006766868588045
120.20425272843656
103.7422195640984
62.29579584559394
87.87150031069962
67.00133222785868
97.4907891905655
138.249937072369
127.27875668985442