1496.9482946651906
467.315515562727
1340.1279785008928
236.21471930170938
1471.2558845644974
255.5379161388206
228.16847654585095
689.8618962385126
282.3079951333155
501.08119608361017
261.4719379596116
1516.4320421801467
459.32212754620775
505.11880769043586
487.2928185611393
896.2936156114024
257.2378775232007
473.21713771593403
1544.7492470616453
844.1935020643405
1608.3377218979451
921.828006126051
777.0649230376123
653.5563855818622
478.09698479486013
1371.9041910907156
983.0134519810872
261.0365932311416