174.58750908394285
227.55979098031983
161.0587827808486
215.7174475891221
202.07194720111914
244.62976166085747
199.3935245998215
890.9702256354484
272.8326905345655
236.79253208968916
250.0857992075519
205.6185180861924
225.74492103565234
239.63163618118517
233.05584495830948
1011.136073512105
240.73292827648868
230.65998969771695
217.10139115121868
980.8665037875126
201.8677785136945
1010.7486106599193
938.6488168207102
862.2190319085634
230.27934586948467
155.7314355961767
1063.4280942906735
252.17068812842749