241.61806517440635
186.46238058049482
262.2514973576505
247.95264962172985
165.43320701465242
240.58956198686235
145.09225815081345
186.12780504099635
231.75391193650614
196.9998048009142
142.72152517620228
172.70972308522116
149.57218574702745
250.83002208235828
256.2138386571674
186.95992742850743
139.0204376984205
189.02849657049106
292.08093056805086
183.86761122412295
152.66662187485048
238.83878806025345
137.4140652273784
240.2933008739442
141.1937440158406
235.54583427059387
189.3858179421136
251.17634012713415