1.0
1.0108334937878638
1.0108334937878638
1.0108334937878638
1.0108334937878638
1.0108334937878638
1.0108334937878638
1.0108334937878638
1.0108334937878638
1.7652066008210845
1.7652066008210845
1.767012061430203
1.767012061430203
1.767012061430203
1.767012061430203
1.767012061430203
1.7688182521724745
1.7688182521724745
1.7688182521724745
1.7688182521724745
1.7688182521724745
1.7688182521724745
1.7688182521724745
1.7688182521724745
1.7688182521724745
1.7688182521724745
1.7688182521724745
1.7688182521724745
1.7688182521724745
1.7688182521724745
1.7688182521724745
1.7688182521724745
1.7688182521724745
1.7688182521724745
1.7688182521724745
1.770624442914746
1.7724299035238644
2.526803010557085