1.0
1.0101142853311265
1.0101142853311265
1.0101142853311265
1.0101142853311265
1.0101142853311265
1.0101142853311265
1.0101142853311265
1.0101142853311265
1.0101142853311265
1.0101142853311265
1.0101142853311265
1.0101142853311265
1.0101142853311265
1.0101142853311265
1.0101142853311265
1.0101142853311265
1.0101142853311265
1.0101142853311265
1.0101142853311265
1.0101142853311265
1.0101142853311265
1.0101142853311265
1.0101142853311265
1.0101142853311265
1.0101142853311265
1.0101142853311265
1.0101142853311265
1.0101142853311265
1.0101142853311265
1.0101142853311265
1.0101142853311265
1.011799931561224
1.0134857700153495
1.0134857700153495
1.0134857700153495
1.0134857700153495
1.0134857700153495