1.0
1.0
1.0
1.0
1.0
1.0
1.0
1.0
1.0
1.0
1.99493597275973
1.99493597275973
2.98987194551946
2.98987194551946
2.98987194551946
2.98987194551946
2.98987194551946
3.98480791827919
3.98480791827919
3.98480791827919
3.98480791827919
3.98480791827919
3.98480791827919
3.98480791827919
3.98480791827919
3.98480791827919
3.98480791827919
3.98480791827919
3.98480791827919
3.98480791827919
3.98480791827919
3.98480791827919
3.98480791827919
3.98480791827919
3.98480791827919
3.98480791827919
3.98480791827919
3.98480791827919