1.0
1.9985332222500398
1.9985332222500398
1.9985332222500398
1.9985332222500398
2.993435528091563
2.9952485940060085
2.997061659920454
2.997061659920454
2.997061659920454
2.997061659920454
2.997061659920454
2.997061659920454
3.991963965761977
4.986866271603501
4.986866271603501
4.986866271603501
4.986866271603501
5.981768577445024
5.981768577445024
5.981768577445024
6.322314137597617
6.324127203512063
6.324127203512063
6.324127203512063
6.324127203512063
6.324127203512063
6.324127203512063
6.324127203512063
7.319029509353586
8.31393181519511
8.654477375347703
8.654477375347703
8.654477375347703
8.654477375347703
8.654477375347703
8.654477375347703
8.654477375347703