1.0
1.0
1.0
1.0
1.0
1.0
1.0
1.0
1.0
1.0
1.00167883866843
1.00167883866843
1.0033576773368602
1.0033576773368602
1.0033576773368602
1.0033576773368602
1.0033576773368602
1.0050365160052903
1.0050365160052903
1.0050365160052903
1.0050365160052903
1.0050365160052903
1.0050365160052903
1.0050365160052903
1.0050365160052903
1.0050365160052903
1.0050365160052903
1.0050365160052903
1.0050365160052903
1.0050365160052903
1.0050365160052903
1.0050365160052903
1.0050365160052903
1.0050365160052903
1.0050365160052903
1.0050365160052903
1.0050365160052903
1.0050365160052903