1.0
6.968940211233814
6.968940211233814
6.968940211233814
6.968940211233814
6.968940211233814
6.968940211233814
6.968940211233814
6.968940211233814
7.2111954657158845
7.2111954657158845
8.206018978512073
8.206018978512073
8.206018978512073
8.206018978512073
8.206018978512073
9.200841625764946
9.200841625764946
9.200841625764946
9.200841625764946
9.200841625764946
9.200841625764946
9.200841625764946
9.200841625764946
9.200841625764946
9.200841625764946
9.200841625764946
9.200841625764946
9.200841625764946
9.200841625764946
9.200841625764946
9.200841625764946
9.200841625764946
9.200841625764946
9.200841625764946
10.195664273017819
11.190487785814007
11.432743040296078