1.0
1.0053447920095042
1.0053447920095042
1.0053447920095042
1.0053447920095042
1.0070482985806781
2.0017297321270626
2.996411165673447
2.996411165673447
2.996411165673447
2.996411165673447
2.996411165673447
2.996411165673447
2.998114672244621
2.999818178815795
2.999818178815795
2.999818178815795
2.999818178815795
3.001521685386969
3.001521685386969
3.001521685386969
3.657517336951692
4.652198770498076
4.652198770498076
4.652198770498076
4.652198770498076
4.652198770498076
4.652198770498076
4.652198770498076
4.65390227706925
4.655605783640423
5.311601435205146
5.311601435205146
5.311601435205146
5.311601435205146
5.311601435205146
5.311601435205146
5.311601435205146