1.0
1.0101131474891603
1.0101131474891603
1.0101131474891603
1.0101131474891603
1.0101131474891603
1.0101131474891603
1.0101131474891603
1.0101131474891603
1.0117989667315146
1.0117989667315146
1.0134844800288612
1.0134844800288612
1.0134844800288612
1.0134844800288612
1.0134844800288612
1.0151700610312886
1.0151700610312886
1.0151700610312886
1.0151700610312886
1.0151700610312886
1.0151700610312886
1.0151700610312886
1.0151700610312886
1.0151700610312886
1.0151700610312886
1.0151700610312886
1.0151700610312886
1.0151700610312886
1.0151700610312886
1.0151700610312886
1.0151700610312886
1.0151700610312886
1.0151700610312886
1.0151700610312886
1.016855642033716
1.0185411553310626
1.020226974573417