1.0
2.991443934781834
2.991443934781834
2.991443934781834
2.991443934781834
2.991443934781834
2.991443934781834
2.991443934781834
3.986253200258642
3.986253200258642
3.986253200258642
3.986253200258642
3.986253200258642
3.986253200258642
3.986253200258642
4.981062831862519
4.981062831862519
4.981062831862519
4.981062831862519
5.975881037477969
6.97069924309342
6.97069924309342
6.97069924309342
6.97069924309342
6.97069924309342
6.97069924309342
6.97069924309342
6.97069924309342
6.97069924309342
6.97069924309342
6.97069924309342
6.97069924309342
6.97069924309342
6.97069924309342
6.97251938648646
6.97251938648646
6.97251938648646
6.97251938648646