1.0
1.0
1.0
1.0
1.0
1.0
1.0
1.0
1.0
1.0
1.0017063499034098
1.0017063499034098
1.0034126998068196
1.0034126998068196
1.0034126998068196
1.0034126998068196
1.0034126998068196
1.0051190497102294
1.0051190497102294
1.0051190497102294
1.0051190497102294
1.0051190497102294
1.0051190497102294
1.0051190497102294
1.0051190497102294
1.0051190497102294
1.0051190497102294
1.0051190497102294
1.0051190497102294
1.0051190497102294
1.0051190497102294
1.0051190497102294
1.0051190497102294
1.0051190497102294
1.0051190497102294
1.0051190497102294
1.0051190497102294
1.0051190497102294