1.0
1.005050501321278
1.005050501321278
1.005050501321278
1.005050501321278
1.0067293501287176
1.0084152812257074
1.0101012123226973
1.0101012123226973
1.0101012123226973
1.0101012123226973
1.0101012123226973
1.0101012123226973
1.0117800611301369
1.0134589099375764
1.0134589099375764
1.0134589099375764
1.0134589099375764
1.0151377587450159
1.0151377587450159
1.0151377587450159
1.0168217475892296
1.0185076786862195
1.0185076786862195
1.0185076786862195
1.0185076786862195
1.0185076786862195
1.0185076786862195
1.0185076786862195
1.020186527493659
1.0218653763010985
1.0235493651453123
1.0235493651453123
1.0235493651453123
1.0235493651453123
1.0235493651453123
1.0235493651453123
1.0235493651453123