1.0
1.00505708529338
1.00505708529338
1.00505708529338
1.00505708529338
1.00505708529338
1.00505708529338
1.00505708529338
1.0067429689947327
1.0067429689947327
1.0067429689947327
1.0067429689947327
1.0067429689947327
1.0067429689947327
1.0067429689947327
1.0084288085078141
1.0084288085078141
1.0084288085078141
1.0084288085078141
1.0101142738303528
1.0117997391528915
1.0117997391528915
1.0117997391528915
1.0117997391528915
1.0117997391528915
1.0117997391528915
1.0117997391528915
1.0117997391528915
1.0117997391528915
1.0117997391528915
1.0117997391528915
1.0117997391528915
1.0117997391528915
1.0117997391528915
1.0134853547267495
1.0134853547267495
1.0134853547267495
1.0134853547267495