1.0
4.982909111198326
4.982909111198326
4.982909111198326
4.982909111198326
4.982909111198326
4.982909111198326
4.982909111198326
4.982909111198326
4.982909111198326
4.982909111198326
4.982909111198326
4.982909111198326
4.982909111198326
4.982909111198326
4.982909111198326
4.982909111198326
4.982909111198326
4.982909111198326
4.982909111198326
4.982909111198326
4.982909111198326
4.982909111198326
4.982909111198326
4.982909111198326
4.982909111198326
4.982909111198326
4.982909111198326
4.982909111198326
4.982909111198326
4.982909111198326
4.982909111198326
5.9777244251658
5.979547977382415
5.979547977382415
5.979547977382415
5.979547977382415
5.979547977382415