1.0
2.9968623181394207
2.9968623181394207
2.9968623181394207
2.9968623181394207
2.9968623181394207
2.9968623181394207
2.9968623181394207
2.9968623181394207
2.9968623181394207
2.9968623181394207
2.9968623181394207
2.9968623181394207
2.9968623181394207
2.9968623181394207
2.9968623181394207
2.9968623181394207
2.9968623181394207
2.9968623181394207
2.9968623181394207
2.9968623181394207
2.9968623181394207
2.9968623181394207
2.9968623181394207
2.9968623181394207
2.9968623181394207
2.9968623181394207
2.9968623181394207
2.9968623181394207
2.9968623181394207
2.9968623181394207
2.9968623181394207
2.998675711711752
3.993480482586886
3.993480482586886
3.993480482586886
3.993480482586886
3.993480482586886