1.0
2.991071484419178
2.991071484419178
2.991071484419178
2.991071484419178
2.992786823199041
2.9946063926412214
2.9964259620834017
2.9964259620834017
2.9964259620834017
2.9964259620834017
2.9964259620834017
2.9964259620834017
2.998141300863265
2.999856639643128
2.999856639643128
2.999856639643128
2.999856639643128
3.0015719784229913
3.0015719784229913
3.0015719784229913
3.003346777861461
3.0051663473036414
3.0051663473036414
3.0051663473036414
3.0051663473036414
3.0051663473036414
3.0051663473036414
3.0051663473036414
3.0068816860835046
3.0085970248633678
3.0103718243018376
3.0103718243018376
3.0103718243018376
3.0103718243018376
3.0103718243018376
3.0103718243018376
3.0103718243018376