1.0
1.9984418946314058
1.9984418946314058
1.9984418946314058
1.9984418946314058
1.9984418946314058
1.9984418946314058
1.9984418946314058
2.000260861751892
2.000260861751892
2.000260861751892
2.000260861751892
2.000260861751892
2.000260861751892
2.000260861751892
2.0020795511218523
2.0020795511218523
2.0020795511218523
2.0020795511218523
2.0038904148613246
2.005701278600797
2.005701278600797
2.005701278600797
2.005701278600797
2.005701278600797
2.005701278600797
2.005701278600797
2.005701278600797
2.005701278600797
2.005701278600797
2.005701278600797
2.005701278600797
2.005701278600797
2.005701278600797
3.0005099040600403
3.0005099040600403
3.0005099040600403
3.0005099040600403