1.0
1.0
1.0
1.0
1.0016837720114804
1.0016837720114804
1.0016837720114804
1.0016837720114804
1.0016837720114804
1.0016837720114804
1.0016837720114804
1.0016837720114804
1.0016837720114804
1.0016837720114804
1.0016837720114804
1.0016837720114804
1.0016837720114804
1.0016837720114804
1.0016837720114804
1.0016837720114804
1.0016837720114804
1.0016837720114804
1.0016837720114804
1.0016837720114804
1.0016837720114804
1.0016837720114804
1.0016837720114804
1.0016837720114804
1.003383755105964
1.003383755105964
1.003383755105964
1.003383755105964
1.003383755105964
1.003383755105964
1.003383755105964
1.003383755105964
1.003383755105964
1.003383755105964