1.0
4.987093358258766
4.987093358258766
4.987093358258766
4.987093358258766
4.987093358258766
4.987093358258766
4.987093358258766
4.987093358258766
4.987093358258766
4.987093358258766
4.987093358258766
4.987093358258766
4.987093358258766
4.987093358258766
4.987093358258766
4.987093358258766
4.987093358258766
4.987093358258766
4.987093358258766
4.987093358258766
4.987093358258766
4.987093358258766
5.982045294801324
5.982045294801324
5.982045294801324
5.982045294801324
5.982045294801324
5.982045294801324
5.982045294801324
5.982045294801324
5.982045294801324
5.982045294801324
5.982045294801324
5.982045294801324
5.982045294801324
5.982045294801324
5.982045294801324