1.0
1.010277670560576
1.011993215884385
1.011993215884385
1.011993215884385
1.011993215884385
1.011993215884385
1.011993215884385
1.011993215884385
1.011993215884385
1.011993215884385
1.011993215884385
1.011993215884385
1.011993215884385
1.011993215884385
1.011993215884385
1.011993215884385
1.011993215884385
1.011993215884385
1.011993215884385
1.011993215884385
1.011993215884385
1.011993215884385
1.011993215884385
1.0137021595953848
1.0154147049960376
2.0102016742743514
2.0102016742743514
2.0102016742743514
2.0102016742743514
2.0102016742743514
2.0102016742743514
2.0102016742743514
2.0102016742743514
2.0102016742743514
2.0102016742743514
2.0102016742743514
2.0102016742743514