1.0
3.9896079530093296
3.9913455958768225
3.9913455958768225
3.9913455958768225
3.9913455958768225
3.9913455958768225
3.9913455958768225
3.9913455958768225
3.9913455958768225
3.9913455958768225
3.9913455958768225
3.9913455958768225
3.9913455958768225
3.9913455958768225
3.9913455958768225
3.9913455958768225
3.9913455958768225
3.9913455958768225
3.9913455958768225
3.9913455958768225
3.9913455958768225
3.9913455958768225
3.9913455958768225
3.993072002334474
4.9878740892733715
4.989605835088818
4.989605835088818
4.989605835088818
4.989605835088818
4.989605835088818
4.989605835088818
4.989605835088818
4.989605835088818
4.989605835088818
4.989605835088818
4.989605835088818
4.989605835088818