1.0
4.985982519174571
4.985982519174571
4.985982519174571
4.985982519174571
4.985982519174571
4.985982519174571
4.985982519174571
4.985982519174571
4.985982519174571
4.985982519174571
4.985982519174571
4.985982519174571
4.985982519174571
4.985982519174571
4.985982519174571
4.985982519174571
4.985982519174571
4.985982519174571
4.985982519174571
4.985982519174571
4.985982519174571
4.985982519174571
4.987671026278129
4.987671026278129
4.987671026278129
4.987671026278129
4.987671026278129
4.987671026278129
4.987671026278129
4.987671026278129
4.987671026278129
4.987671026278129
4.987671026278129
4.987671026278129
4.987671026278129
4.987671026278129
4.987671026278129