1.0
1.0
1.0
1.0
1.001683772010859
1.001683772010859
1.001683772010859
1.001683772010859
1.001683772010859
1.001683772010859
1.001683772010859
1.001683772010859
1.001683772010859
1.001683772010859
1.001683772010859
1.001683772010859
1.001683772010859
1.001683772010859
1.001683772010859
1.001683772010859
1.001683772010859
1.001683772010859
1.001683772010859
1.001683772010859
1.001683772010859
1.001683772010859
1.001683772010859
1.001683772010859
1.003383755111415
1.003383755111415
1.003383755111415
1.003383755111415
1.003383755111415
1.003383755111415
1.003383755111415
1.003383755111415
1.003383755111415
1.003383755111415