1.0
1.0
1.0
1.0
1.00168377201141
1.00168377201141
1.00168377201141
1.00168377201141
1.00168377201141
1.00168377201141
1.00168377201141
1.00168377201141
1.00168377201141
1.00168377201141
1.00168377201141
1.00168377201141
1.00168377201141
1.00168377201141
1.00168377201141
1.00168377201141
1.00168377201141
1.00168377201141
1.00168377201141
1.00168377201141
1.00168377201141
1.00168377201141
1.00168377201141
1.00168377201141
1.0033837551132234
1.0033837551132234
1.0033837551132234
1.0033837551132234
1.0033837551132234
1.0033837551132234
1.0033837551132234
1.0033837551132234
1.0033837551132234
1.0033837551132234