1.0
3.9900246830485298
4.984892604318792
4.984892604318792
4.984892604318792
4.984892604318792
4.984892604318792
4.984892604318792
4.984892604318792
4.984892604318792
4.984892604318792
4.984892604318792
4.984892604318792
4.984892604318792
4.984892604318792
4.984892604318792
4.984892604318792
4.984892604318792
4.984892604318792
4.984892604318792
4.984892604318792
4.984892604318792
4.984892604318792
4.984892604318792
5.979776602425291
5.981578216559127
5.983379728686764
5.983379728686764
5.983379728686764
5.983379728686764
5.983379728686764
5.983379728686764
5.983379728686764
5.983379728686764
5.983379728686764
5.983379728686764
5.983379728686764
5.983379728686764