1.0
1.0
1.0
1.0
1.9949486839662502
1.9949486839662502
1.9949486839662502
1.9949486839662502
1.9949486839662502
1.9949486839662502
1.9949486839662502
1.9949486839662502
1.9949486839662502
1.9949486839662502
1.9949486839662502
1.9949486839662502
1.9949486839662502
1.9949486839662502
1.9949486839662502
1.9949486839662502
1.9949486839662502
1.9949486839662502
1.9949486839662502
1.9949486839662502
1.9949486839662502
1.9949486839662502
1.9949486839662502
1.9949486839662502
2.9898487346693976
2.9898487346693976
2.9898487346693976
2.9898487346693976
2.9898487346693976
2.9898487346693976
2.9898487346693976
2.9898487346693976
2.9898487346693976
2.9898487346693976