1.0
2.991454356592927
2.991454356592927
2.993216343913746
2.993216343913746
2.993216343913746
2.993216343913746
2.993216343913746
2.993216343913746
2.993216343913746
2.993216343913746
2.993216343913746
2.993216343913746
2.993216343913746
2.993216343913746
2.993216343913746
2.993216343913746
2.993216343913746
2.993216343913746
2.993216343913746
2.993216343913746
2.993216343913746
2.993216343913746
2.993216343913746
2.993216343913746
2.993216343913746
2.993216343913746
3.98805085819004
3.98805085819004
3.98805085819004
3.98805085819004
3.98805085819004
3.98805085819004
3.98805085819004
3.98805085819004
3.98805085819004
3.98805085819004
3.98805085819004