1.0
1.0050520570205896
1.0050520570205896
1.0067318334753521
1.0067318334753521
1.0067318334753521
1.0067318334753521
1.0067318334753521
1.0067318334753521
1.0067318334753521
1.0067318334753521
1.0067318334753521
1.0067318334753521
1.0067318334753521
1.0067318334753521
1.0067318334753521
1.0067318334753521
1.0067318334753521
1.0067318334753521
1.0067318334753521
1.0067318334753521
1.0067318334753521
1.0067318334753521
1.0067318334753521
1.0067318334753521
1.0067318334753521
1.0067318334753521
1.0084152143576226
1.0084152143576226
1.0084152143576226
1.0084152143576226
1.0084152143576226
1.0084152143576226
1.0084152143576226
1.0084152143576226
1.0084152143576226
1.0084152143576226
1.0084152143576226