1.0
1.998441529365894
1.998441529365894
2.99331998913555
2.99331998913555
2.99331998913555
2.99331998913555
2.99331998913555
2.99331998913555
2.99331998913555
2.99331998913555
2.99331998913555
2.99331998913555
2.99331998913555
2.99331998913555
2.99331998913555
2.99331998913555
2.99331998913555
2.99331998913555
2.99331998913555
2.99331998913555
2.99331998913555
2.99331998913555
2.99331998913555
2.99331998913555
2.99331998913555
2.99331998913555
2.9951187130947154
2.9951187130947154
2.9951187130947154
2.9951187130947154
2.9951187130947154
2.9951187130947154
2.9951187130947154
2.9951187130947154
2.9951187130947154
2.9951187130947154
2.9951187130947154