1.0
1.0100896933815633
1.011768583919999
1.011768583919999
1.011768583919999
1.011768583919999
1.011768583919999
1.011768583919999
1.011768583919999
1.011768583919999
1.011768583919999
1.011768583919999
1.011768583919999
1.011768583919999
1.011768583919999
1.011768583919999
1.011768583919999
1.011768583919999
1.011768583919999
1.011768583919999
1.011768583919999
1.011768583919999
1.011768583919999
1.011768583919999
1.013449235644848
1.0151329891714622
1.0168127619500658
1.0168127619500658
1.0168127619500658
1.0168127619500658
1.0168127619500658
1.0168127619500658
1.0168127619500658
1.0168127619500658
1.0168127619500658
1.0168127619500658
1.0168127619500658
1.0168127619500658