1.0
1.013462061283331
1.013462061283331
1.013462061283331
1.013462061283331
1.013462061283331
1.013462061283331
1.013462061283331
1.013462061283331
1.013462061283331
1.013462061283331
1.013462061283331
1.013462061283331
1.013462061283331
1.013462061283331
1.013462061283331
1.013462061283331
1.013462061283331
1.013462061283331
1.013462061283331
1.013462061283331
1.013462061283331
1.013462061283331
1.0151418394602731
1.0151418394602731
1.0151418394602731
1.0151418394602731
1.0151418394602731
1.0151418394602731
1.0151418394602731
1.0151418394602731
1.0151418394602731
1.0151418394602731
1.0151418394602731
1.0151418394602731
1.0151418394602731
1.0151418394602731
1.0151418394602731