1.0
1.0
1.0
1.0
1.0
1.0
1.0
1.0
1.0
1.0
1.0
1.0
1.0016839888442137
1.0016839888442137
1.0016839888442137
1.0016839888442137
1.0016839888442137
1.0016839888442137
1.0016839888442137
1.0016839888442137
1.0016839888442137
1.0016839888442137
1.0016839888442137
1.0016839888442137
1.0033679776884274
1.0050519665326412
1.006735955376855
1.006735955376855
1.006735955376855
1.006735955376855
1.006735955376855
1.006735955376855
1.006735955376855
1.006735955376855
1.006735955376855
1.006735955376855
1.006735955376855
1.006735955376855
1.006735955376855