1.0
1.0
1.0
1.0
1.0
1.0
1.0
1.0
1.0
1.0
1.0
1.0
1.0
1.0
1.9948047708751337
1.9948047708751337
2.9896095417502675
3.9844143126254012
3.9844143126254012
3.9844143126254012
3.9844143126254012
3.9844143126254012
3.9844143126254012
3.9844143126254012
3.9844143126254012
3.9844143126254012
3.9844143126254012
3.9844143126254012
3.9862277061977327
3.988041099770064
4.982845870645198
5.977650641520332
6.972455412395465
7.967260183270599
7.967260183270599
7.969073576842931
7.970886970415262
8.965691741290396
9.960496512165529