1.0
1.0
1.0
1.0
1.0
1.0
1.0
1.0
1.0
1.0
1.0
1.0
1.0
1.0
1.0016858384541254
1.0016858384541254
1.0033716769082508
1.0050575153623762
1.0050575153623762
1.0050575153623762
1.0050575153623762
1.0050575153623762
1.0050575153623762
1.0050575153623762
1.0050575153623762
1.0050575153623762
1.0050575153623762
1.0050575153623762
1.0067431615924738
1.0084288078225714
1.0101146462766968
1.0118004847308222
1.0134863231849476
1.015172161639073
1.015172161639073
1.0168578078691706
1.0185434540992682
1.0202292925533936
1.021915131007519