1.0
1.0
1.0
1.0
1.0
1.0
1.0
1.0
1.0
1.0
1.0
1.0
1.0017747994384698
1.0017747994384698
1.0017747994384698
1.0017747994384698
1.0017747994384698
1.0017747994384698
1.0017747994384698
1.0017747994384698
1.0017747994384698
1.0017747994384698
1.0017747994384698
1.0017747994384698
1.0035495988769396
1.0053243983154094
1.0070991977538792
1.0070991977538792
1.0070991977538792
1.0070991977538792
1.0070991977538792
1.0070991977538792
1.0070991977538792
1.0070991977538792
1.0070991977538792
1.0070991977538792
1.0070991977538792
1.0070991977538792
1.0070991977538792