1.0
1.0
1.0
1.0
1.0
1.0
1.0
1.0
1.0
1.0
1.0
1.0
1.0
1.0
1.0
1.7543731070332207
1.7543731070332207
1.7543731070332207
1.7543731070332207
1.7543731070332207
1.7543731070332207
1.7543731070332207
1.7543731070332207
1.7543731070332207
1.7543731070332207
1.7543731070332207
1.7543731070332207
1.7543731070332207
1.7543731070332207
1.7543731070332207
1.7543731070332207
1.7543731070332207
1.7543731070332207
1.7543731070332207
2.5087462140664414
2.5087462140664414
2.5087462140664414
2.5087462140664414
2.5087462140664414