1.0
1.0
1.0
1.0
1.0
1.0
1.0
1.0
1.0
1.0
1.0
1.0
1.0
1.0018201433930403
1.0018201433930403
1.0018201433930403
1.0018201433930403
1.0018201433930403
1.0018201433930403
1.0018201433930403
1.0018201433930403
1.0018201433930403
1.0018201433930403
1.0018201433930403
1.0018201433930403
1.0018201433930403
1.0018201433930403
1.0036402867860805
1.0036402867860805
1.0036402867860805
1.0036402867860805
1.0036402867860805
1.0036402867860805
1.0036402867860805
1.0036402867860805
1.0036402867860805
1.0036402867860805
1.0036402867860805
1.0036402867860805