1.0
1.0
1.0
1.0
1.0
1.0
1.0
1.0
1.0
1.0
1.0
1.0
1.0
1.001685615573858
1.001685615573858
1.001685615573858
1.001685615573858
1.001685615573858
1.001685615573858
1.001685615573858
1.001685615573858
1.001685615573858
1.001685615573858
1.001685615573858
1.001685615573858
1.001685615573858
1.001685615573858
1.003371231147716
1.003371231147716
1.003371231147716
1.003371231147716
1.003371231147716
1.003371231147716
1.003371231147716
1.003371231147716
1.003371231147716
1.003371231147716
1.003371231147716
1.003371231147716