1.0
1.0
1.0
1.0
1.0
1.0
1.0
1.0
1.0
1.0
1.0
1.0
1.0
1.0
1.0
1.0016858192423543
1.0016858192423543
1.0016858192423543
1.0016858192423543
1.0016858192423543
1.0016858192423543
1.0016858192423543
1.0016858192423543
1.0016858192423543
1.0016858192423543
1.0016858192423543
1.0016858192423543
1.0016858192423543
1.0016858192423543
1.0016858192423543
1.0016858192423543
1.0016858192423543
1.0016858192423543
1.0016858192423543
1.0033716384847087
1.0033716384847087
1.0033716384847087
1.0033716384847087
1.0033716384847087