1.0
1.0
1.0
1.0
1.0
1.0
1.0
1.0
1.0
1.0
1.0
1.0
1.0
1.9948086254592434
1.9948086254592434
1.9948086254592434
1.9948086254592434
1.9948086254592434
1.9948086254592434
1.9948086254592434
1.9948086254592434
1.9948086254592434
1.9948086254592434
1.9948086254592434
1.9948086254592434
1.9948086254592434
1.9948086254592434
2.989617250918487
2.989617250918487
2.989617250918487
2.989617250918487
2.989617250918487
2.989617250918487
2.989617250918487
2.989617250918487
2.989617250918487
2.989617250918487
2.989617250918487
2.989617250918487