1.0
1.0
1.0
1.0
1.0
1.0
1.0
1.0
1.0
1.0
1.0
1.0
1.0
1.0
1.0018235522166152
1.0018235522166152
1.0036471044332305
1.0054706566498457
1.0054706566498457
1.0054706566498457
1.0054706566498457
1.0054706566498457
1.0054706566498457
1.0054706566498457
1.0054706566498457
1.0054706566498457
1.0054706566498457
1.0054706566498457
2.000285970617319
2.995101284584792
2.996924836801407
2.998748389018022
3.000571941234637
3.0023954934512522
3.0023954934512522
3.9972108074187256
4.992026121386199
4.993849673602814
4.99567322581943