1.0
1.0
1.0
1.0
1.0
1.0
1.0
1.0
1.0
1.0
1.0
1.0
1.0
1.0
1.0
1.2422552544820704
1.2422552544820704
1.2422552544820704
1.2422552544820704
1.2422552544820704
1.2422552544820704
1.2422552544820704
1.2422552544820704
1.2422552544820704
1.2422552544820704
1.2422552544820704
1.2422552544820704
1.2422552544820704
1.2422552544820704
1.2422552544820704
1.2422552544820704
1.2422552544820704
1.2422552544820704
1.2422552544820704
1.4845105089641408
1.4845105089641408
1.4845105089641408
1.4845105089641408
1.4845105089641408