1.0
1.0
1.0
1.0
1.0
1.0
1.0
1.0
1.0
1.0
1.0
1.0
1.6559956515647232
1.6559956515647232
1.6559956515647232
1.6559956515647232
1.6559956515647232
1.6559956515647232
1.6559956515647232
1.6559956515647232
1.6559956515647232
1.6559956515647232
1.6559956515647232
1.6559956515647232
2.3119913031294463
2.9679869546941697
3.6239826062588927
3.6239826062588927
3.6239826062588927
3.6239826062588927
3.6239826062588927
3.6239826062588927
3.6239826062588927
3.6239826062588927
3.6239826062588927
3.6239826062588927
3.6239826062588927
3.6239826062588927
3.6239826062588927