1.0
1.0
1.0
1.0
1.0
1.0
1.0
1.0
1.0
1.0
1.0
1.0
1.340545560152593
1.340545560152593
1.340545560152593
1.340545560152593
1.340545560152593
1.340545560152593
1.340545560152593
1.340545560152593
1.340545560152593
1.340545560152593
1.340545560152593
1.340545560152593
1.6810911203051861
2.021636680457779
2.3621822406103723
2.3621822406103723
2.3621822406103723
2.3621822406103723
2.3621822406103723
2.3621822406103723
2.3621822406103723
2.3621822406103723
2.3621822406103723
2.3621822406103723
2.3621822406103723
2.3621822406103723
2.3621822406103723