1.0
1.0016837535266143
1.0033675070532286
1.005051260579843
1.005051260579843
1.005051260579843
1.005051260579843
1.005051260579843
1.005051260579843
1.005051260579843
1.0067350141064573
1.0084187676330716
1.0084187676330716
1.0084187676330716
1.0084187676330716
1.0084187676330716
1.0084187676330716
1.0084187676330716
1.010102521159686
1.010102521159686
1.010102521159686
1.010102521159686
1.0117831728845348
1.013466926411149
1.013466926411149
1.013466926411149
1.013466926411149
1.013466926411149
1.013466926411149
1.013466926411149
1.013466926411149
1.013466926411149
1.013466926411149
1.013466926411149
1.013466926411149
1.013466926411149
1.013466926411149
1.013466926411149
1.013466926411149