1.0
1.0
1.0
1.0
1.0016797781769422
1.0033595563538844
1.0033595563538844
1.0033595563538844
1.0050393345308266
1.0067191127077688
1.0067191127077688
1.0067191127077688
1.0067191127077688
1.0067191127077688
1.0067191127077688
1.0067191127077688
1.0067191127077688
1.0067191127077688
1.0067191127077688
1.008398890884711
1.008398890884711
1.0100786690616532
1.0100786690616532
1.0100786690616532
1.0100786690616532
1.0100786690616532
1.0100786690616532
1.0100786690616532
1.0100786690616532
1.0100786690616532
1.0100786690616532
1.0100786690616532
1.0100786690616532
1.0100786690616532
1.0100786690616532
1.0100786690616532
1.0100786690616532
1.0100786690616532
1.0100786690616532