1.0
1.0
1.0
1.0
1.0
1.0
1.0017619873208188
1.0035239746416376
1.0035239746416376
1.0035239746416376
1.0035239746416376
1.0035239746416376
1.0035239746416376
1.0035239746416376
1.0035239746416376
1.0035239746416376
1.0035239746416376
1.0035239746416376
1.0035239746416376
1.0035239746416376
1.0052859619624563
1.0052859619624563
1.0052859619624563
1.0052859619624563
1.0052859619624563
1.0052859619624563
1.0052859619624563
1.0052859619624563
1.0052859619624563
1.0052859619624563
1.0052859619624563
1.0052859619624563
1.0052859619624563
1.0052859619624563
1.0052859619624563
1.0052859619624563
1.0052859619624563
1.0052859619624563
1.0052859619624563