1.0
1.0018016141338355
1.003603228267671
1.0054048424015065
1.0054048424015065
1.0054048424015065
1.0054048424015065
1.0054048424015065
1.0054048424015065
1.0054048424015065
1.007206456535342
1.0090080706691775
1.0090080706691775
1.0090080706691775
1.0090080706691775
1.0090080706691775
1.0090080706691775
1.0090080706691775
1.010809684803013
1.010809684803013
1.010809684803013
1.010809684803013
2.005693682909513
2.007495297043348
2.007495297043348
2.007495297043348
2.007495297043348
2.007495297043348
2.007495297043348
2.007495297043348
2.007495297043348
2.007495297043348
2.007495297043348
2.007495297043348
2.007495297043348
2.007495297043348
2.007495297043348
2.007495297043348
2.007495297043348