1.0
1.0017125454006528
1.0034250908013056
1.0051376362019584
1.0051376362019584
1.0051376362019584
1.0051376362019584
1.0051376362019584
1.0051376362019584
1.0051376362019584
1.0068501816026112
1.008562727003264
1.008562727003264
1.008562727003264
1.008562727003264
1.008562727003264
1.008562727003264
1.008562727003264
1.0102752724039168
1.0102752724039168
1.0102752724039168
1.0102752724039168
1.0119842161149166
1.0136967615155694
1.0136967615155694
1.0136967615155694
1.0136967615155694
1.0136967615155694
1.0136967615155694
1.0136967615155694
1.0136967615155694
1.0136967615155694
1.0136967615155694
1.0136967615155694
1.0136967615155694
1.0136967615155694
1.0136967615155694
1.0136967615155694
1.0136967615155694