1.0
1.0
1.0
1.0
1.001688507103558
1.003377014207116
1.003377014207116
1.003377014207116
1.0050655213106738
1.0067540284142318
1.0067540284142318
1.0067540284142318
1.0067540284142318
1.0067540284142318
1.0067540284142318
1.0067540284142318
1.0067540284142318
1.0067540284142318
1.0067540284142318
1.0084425355177897
1.0084425355177897
1.0101310426213477
1.0101310426213477
1.0101310426213477
1.0101310426213477
1.0101310426213477
1.0101310426213477
1.0101310426213477
1.0101310426213477
1.0101310426213477
1.0101310426213477
1.0101310426213477
1.0101310426213477
1.0101310426213477
1.0101310426213477
1.0101310426213477
1.0101310426213477
1.0101310426213477
1.0101310426213477