1.0
1.0
1.0
1.0
1.0
1.0
1.994878459769656
2.989756919539312
2.989756919539312
2.989756919539312
2.989756919539312
2.989756919539312
2.989756919539312
2.989756919539312
2.989756919539312
2.989756919539312
2.989756919539312
2.989756919539312
2.989756919539312
2.989756919539312
3.984635379308968
3.984635379308968
3.984635379308968
3.984635379308968
3.984635379308968
3.984635379308968
3.984635379308968
3.984635379308968
3.984635379308968
3.984635379308968
3.984635379308968
3.984635379308968
3.984635379308968
3.984635379308968
3.984635379308968
3.984635379308968
3.984635379308968
3.984635379308968
3.984635379308968