1.0
1.0
1.0
1.0
1.9949519365425576
2.9899038730851153
2.9899038730851153
2.9899038730851153
3.984855809627673
4.979807746170231
4.979807746170231
4.979807746170231
4.979807746170231
4.979807746170231
4.979807746170231
4.979807746170231
4.979807746170231
4.979807746170231
4.979807746170231
5.974759682712788
5.974759682712788
6.969711619255346
6.969711619255346
6.969711619255346
6.969711619255346
6.969711619255346
6.969711619255346
6.969711619255346
6.969711619255346
6.969711619255346
6.969711619255346
6.969711619255346
6.969711619255346
6.969711619255346
6.969711619255346
6.969711619255346
6.969711619255346
6.969711619255346
6.969711619255346