1.0
1.9948020869388974
2.9896041738777948
3.984406260816692
3.984406260816692
3.984406260816692
3.984406260816692
3.984406260816692
3.984406260816692
3.984406260816692
4.9792083477555895
5.9740104346944864
5.9740104346944864
5.9740104346944864
5.9740104346944864
5.9740104346944864
5.9740104346944864
5.9740104346944864
6.968812521633383
6.968812521633383
6.968812521633383
6.968812521633383
6.9705389280910355
7.965341015029933
7.965341015029933
7.965341015029933
7.965341015029933
7.965341015029933
7.965341015029933
7.965341015029933
7.965341015029933
7.965341015029933
7.965341015029933
7.965341015029933
7.965341015029933
7.965341015029933
7.965341015029933
7.965341015029933
7.965341015029933