1.0
1.0
1.0
1.0
1.0
1.0
1.0016797764547625
1.003359552909525
1.003359552909525
1.003359552909525
1.003359552909525
1.003359552909525
1.003359552909525
1.003359552909525
1.003359552909525
1.003359552909525
1.003359552909525
1.003359552909525
1.003359552909525
1.003359552909525
1.0050393293642874
1.0050393293642874
1.0050393293642874
1.0050393293642874
1.0050393293642874
1.0050393293642874
1.0050393293642874
1.0050393293642874
1.0050393293642874
1.0050393293642874
1.0050393293642874
1.0050393293642874
1.0050393293642874
1.0050393293642874
1.0050393293642874
1.0050393293642874
1.0050393293642874
1.0050393293642874
1.0050393293642874