287.68745982629116
302.23484065155094
296.68805013893166
305.0
297.83601109528973
303.9103067822628
294.1970672082777
204.0025539919428
187.5104451927484
178.88167971702578
173.88337398023432
193.8851680759877
175.40060576488565
164.91733040245694
38.62199703193198
46.01286466020531
26.892830902718572
16.295273694357263
34.9888559763109
10.432618378688915
10.0
53.50535819206402
88.03995670357838
76.45654205602605
59.351630329235235
46.541354063342624
71.04477550511089
64.1290387760433
75.39988370089807
47.80250297133341
69.9945653361547
76.13227192234598
102.54136499960853
87.15206408167236
30.703319503112425
64.0405786722464
72.82566151032685
67.17143107297699
89.81252698559194
79.40781900353895
68.5153058355655
60.17307958547994
68.36219207484294
84.90249028666054
58.83243990412535
37.598490558837625
73.78801744876972
48.006766868588045
120.20425272843656
99.7422195640984
64.29579584559394
85.87150031069962
73.00133222785868
95.4907891905655
136.249937072369
129.27875668985442