375.0
331.29216062522204
350.71002073663095
334.37419452095577
346.1234022775245
327.52180087962654
358.1806705223077
60.54048619485825
63.96662039271734
55.702207712372385
55.951921003409055
54.94072907622465
59.15063691956845
55.971822289620484
208.17667197539046
215.28368284438417
224.7059714574593
206.77775720318263
228.50245758836303
209.50660037492833
226.04547833914094
118.48793078618573
125.40837708540766
132.1508168230643
128.18382871365475
89.17717447477555
145.1330808494074
111.32117677248752
122.92251905278448
109.08243997078853
107.38523102248472
138.2992563779181
119.40989668902358
129.22062818118104
118.63408292039833
35.55918489908427
25.210731699815042
123.75779694144836
21.684918318061143
135.38779977815858
40.45229860364485
119.59476956943769
23.59667810965332
124.39891677753523
15.0
114.79464736380923
39.41304779422141
126.44610054241679
141.28182392607897
139.06282954342598
137.98940142536645
114.28891129024764
119.83500472578598
121.21508325340841
118.98648012261592
115.00049451135118