1.0
1.0
1.0
1.0
1.0
1.0
1.0
1.0
1.0
1.0
1.0
1.0
1.0
1.0
1.0
1.0
1.0
1.0
1.0
1.0
1.0
1.0
1.0
1.0
1.0
1.0
1.0
1.0
1.0
1.0016856333506283
1.003371279580726
1.0050571180348513
1.0067429564889767
1.0067429564889767
1.0067429564889767
1.0084285520708027
1.0101141476526287
1.0117997432344548
1.0134853388162808
1.0151709343981068
1.0168565299799328
1.0185423684340582
1.0202280146641558
1.0219136608942534
1.0219136608942534
1.0219136608942534
1.0235992564760794
1.0252850949302048
1.0269709333843302
1.0269709333843302
1.0269709333843302
1.0269709333843302
1.0269709333843302
1.0269709333843302
1.0269709333843302
1.0269709333843302
1.0269709333843302
1.0269709333843302
1.0269709333843302
1.0269709333843302
1.0269709333843302
1.0269709333843302
1.0269709333843302
1.0269709333843302
1.0269709333843302
1.0269709333843302
1.0269709333843302
1.0269709333843302
1.0269709333843302
1.0286567718384556
1.0286567718384556
1.0286567718384556
1.0286567718384556
1.030342610292581