1.0
1.0
1.0
1.0
1.0
1.0
1.0
1.0
1.0
1.0
1.0
1.0
1.0
1.0
1.0
1.0
1.0
1.0
1.0
1.0
1.0
1.0
1.0
1.0
1.0
1.0
1.0
1.0017153387798632
1.0034306775597264
1.0034306775597264
1.0034306775597264
1.0034306775597264
1.0034306775597264
1.0034306775597264
1.0034306775597264
1.0034306775597264
1.0034306775597264
1.0034306775597264
1.0034306775597264
1.0034306775597264
1.0034306775597264
1.0034306775597264
1.0034306775597264
1.0034306775597264
1.0034306775597264
1.0034306775597264
1.0034306775597264
1.0034306775597264
1.0034306775597264
1.0034306775597264
1.0034306775597264
1.0034306775597264
1.0034306775597264
1.0034306775597264
1.0034306775597264
1.0034306775597264
1.0034306775597264
1.0034306775597264
1.0034306775597264
1.0034306775597264
1.0034306775597264
1.0034306775597264
1.0034306775597264
1.0034306775597264
1.0034306775597264
1.0051460163395896
1.0051460163395896
1.0051460163395896
1.0051460163395896
1.0051460163395896
1.0051460163395896
1.0051460163395896
1.0051460163395896
1.0051460163395896