1.0
1.0
1.0
1.0
1.0
1.0
1.0
1.0
1.0
1.0
1.0
1.0
1.0
1.0
1.0
1.0
1.0
1.0
1.0
1.0
1.0
1.0
1.0
1.0
1.0
1.0
1.0
1.0
1.0
1.0
1.0
1.0
1.0
1.9948092654768081
2.9896185309536163
2.9896185309536163
2.9896185309536163
2.9896185309536163
2.9896185309536163
2.9896185309536163
2.9896185309536163
2.9896185309536163
2.9896185309536163
2.9896185309536163
2.9896185309536163
2.9896185309536163
2.9896185309536163
2.9896185309536163
2.9896185309536163
2.9914386743466563
2.9932588177396964
2.9950789611327364
2.996895058695243
2.99871115625775
2.99871115625775
2.99871115625775
2.99871115625775
2.99871115625775
2.99871115625775
2.99871115625775
2.99871115625775
2.99871115625775
2.99871115625775
2.99871115625775
2.99871115625775
2.99871115625775
2.99871115625775
3.00053129965079
3.00235144304383
3.00235144304383
3.00235144304383
3.00235144304383
3.00235144304383
3.00235144304383