1.0
1.0
1.0
1.0
1.0
1.0
1.0
1.0
1.0
1.0
1.0
1.0
1.0
1.0
1.0
1.0
1.0
1.0
1.0
1.0
1.0
1.0
1.0
1.0
1.0
1.0
1.0
1.0
1.0
1.0
1.0
1.0
1.0
1.0016858837013527
1.0033717674027054
1.0033717674027054
1.0033717674027054
1.0033717674027054
1.0033717674027054
1.0033717674027054
1.0033717674027054
1.0033717674027054
1.0033717674027054
1.0033717674027054
1.0033717674027054
1.0033717674027054
1.0033717674027054
1.0033717674027054
1.0033717674027054
1.0050573829765634
1.0067429985504215
1.0084286141242795
1.0101143945820394
1.0118001750397994
1.0118001750397994
1.0118001750397994
1.0118001750397994
1.0118001750397994
1.0118001750397994
1.0118001750397994
1.0118001750397994
1.0118001750397994
1.0118001750397994
1.0118001750397994
1.0118001750397994
1.0118001750397994
1.0118001750397994
1.0134857906136574
1.0151714061875154
1.0151714061875154
1.0151714061875154
1.0151714061875154
1.0151714061875154
1.0151714061875154