1.0
1.0
1.0
1.0
1.0
1.0
1.0
1.0
1.0
1.0
1.0
1.0
1.0
1.0
1.0
1.0
1.0
1.0
1.0
1.0
1.0
1.0
1.0
1.0
1.0
1.0
1.0
1.0
1.0
1.001814729156656
1.0036281227289876
1.9984328936041211
2.993237664479255
2.993237664479255
2.993237664479255
2.995049358871261
2.996861053263267
2.9986727476552733
3.0004844420472794
3.0022961364392855
3.0041078308312916
3.9989126017064254
4.000725995278757
4.002539388851089
4.002539388851089
4.002539388851089
4.004351083243095
4.999155854118229
5.993960624993362
5.993960624993362
5.993960624993362
5.993960624993362
5.993960624993362
5.993960624993362
5.993960624993362
5.993960624993362
5.993960624993362
5.993960624993362
5.993960624993362
5.993960624993362
5.993960624993362
5.993960624993362
5.993960624993362
5.993960624993362
5.993960624993362
5.993960624993362
5.993960624993362
5.993960624993362
5.993960624993362
6.988765395868496
6.988765395868496
6.988765395868496
6.988765395868496
7.98357016674363