1.0
1.0
1.0
1.0
1.0
1.0
1.0
1.0
1.0
1.0
1.0
1.0
1.0
1.0
1.0
1.0
1.0
1.0
1.0
1.0
1.0
1.0
1.0
1.0
1.0
1.0
1.0
1.0
1.0
1.0
1.0
1.0
1.0
1.0
1.0
1.0
1.0
1.0
1.0
1.0
1.0
1.0
1.0
1.0
1.9947970834808961
2.2370523379629668
2.2370523379629668
2.2370523379629668
2.2370523379629668
2.2370523379629668
2.2370523379629668
2.2370523379629668
2.2370523379629668
2.2370523379629668
2.2370523379629668
2.2370523379629668
2.2370523379629668
2.2370523379629668
2.2370523379629668
2.2370523379629668
2.2370523379629668
2.2370523379629668
2.2370523379629668
2.2370523379629668
2.2370523379629668
2.2370523379629668
2.4793075924450374
2.4793075924450374
2.4793075924450374
2.4793075924450374
2.721562846927108
2.9638181014091787
3.2060733558912493
3.2060733558912493