1.0
1.0
1.0
1.0
1.0
1.0
1.0
1.0
1.0
1.0
1.0
1.0
1.0
1.0
1.0
1.0
1.0
1.0
1.0
1.0
1.0
1.0
1.0
1.0
1.0
1.0
1.0
1.0
1.0
1.0
1.0
1.0
1.0
1.0018189671204865
1.003637934240973
1.003637934240973
1.003637934240973
1.003637934240973
1.003637934240973
1.003637934240973
1.003637934240973
1.003637934240973
1.003637934240973
1.003637934240973
1.003637934240973
1.003637934240973
1.003637934240973
1.003637934240973
1.003637934240973
1.9984465597002163
2.9932551851594598
3.988063810618703
4.982876152140676
5.977688493662649
5.977688493662649
5.977688493662649
5.977688493662649
5.977688493662649
5.977688493662649
5.977688493662649
5.977688493662649
5.977688493662649
5.977688493662649
5.977688493662649
5.977688493662649
5.977688493662649
5.977688493662649
6.9724971191218925
7.967305744581136
7.967305744581136
7.967305744581136
7.967305744581136
7.967305744581136
7.967305744581136