1.0
1.0
1.0
1.0
1.0
1.0
1.0
1.0
1.0
1.0
1.0
1.0
1.0
1.0
1.0
1.0
1.0
1.0
1.0
1.0
1.0
1.0
1.0
1.0
1.0
1.0
1.0
1.0
1.0
1.0
1.0
1.0
1.0
1.0
1.0
1.0
1.0
1.0
1.0
1.0
1.0
1.0
1.0
1.0
1.0016860048427552
1.0033718240851095
1.0033718240851095
1.0033718240851095
1.0033718240851095
1.0033718240851095
1.0033718240851095
1.0033718240851095
1.0033718240851095
1.0033718240851095
1.0033718240851095
1.0033718240851095
1.0033718240851095
1.0033718240851095
1.0033718240851095
1.0033718240851095
1.0033718240851095
1.0033718240851095
1.0033718240851095
1.0033718240851095
1.0033718240851095
1.0033718240851095
1.0050576433274638
1.0050576433274638
1.0050576433274638
1.0050576433274638
1.0067434625698182
1.0084292818121725
1.0101151010545268
1.0101151010545268