1.0
1.0
1.0
1.0
1.0
1.0
1.0
1.0
1.0
1.0
1.0
1.0
1.0
1.0
1.0
1.0
1.0
1.0
1.0
1.0
1.0
1.0
1.0
1.0
1.0
1.0
1.0
1.0016788488074395
1.003357697614879
1.003357697614879
1.003357697614879
1.003357697614879
1.003357697614879
1.003357697614879
1.003357697614879
1.003357697614879
1.003357697614879
1.003357697614879
1.003357697614879
1.003357697614879
1.003357697614879
1.003357697614879
1.003357697614879
1.003357697614879
1.003357697614879
1.003357697614879
1.003357697614879
1.003357697614879
1.003357697614879
1.003357697614879
1.003357697614879
1.003357697614879
1.003357697614879
1.003357697614879
1.003357697614879
1.003357697614879
1.003357697614879
1.003357697614879
1.003357697614879
1.003357697614879
1.003357697614879
1.003357697614879
1.003357697614879
1.003357697614879
1.003357697614879
1.0050365464223185
1.0050365464223185
1.0050365464223185
1.0050365464223185
1.0050365464223185
1.0050365464223185
1.0050365464223185
1.0050365464223185
1.0050365464223185