1.0
1.0
1.0
1.0
1.0
1.0
1.0
1.0
1.0
1.0
1.0
1.0
1.0
1.0
1.0
1.0
1.0
1.0
1.0
1.0
1.0
1.0
1.0
1.0
1.0
1.0
1.0
1.0
1.0
1.0
1.0
1.0
1.0
1.0
1.0
1.0
1.0
1.0
1.0
1.0
1.0
1.0
1.0
1.0
1.001830906833593
1.7562040138668138
1.7562040138668138
1.7562040138668138
1.7562040138668138
1.7562040138668138
1.7562040138668138
1.7562040138668138
1.7562040138668138
1.7562040138668138
1.7562040138668138
1.7562040138668138
1.7562040138668138
1.7562040138668138
1.7562040138668138
1.7562040138668138
1.7562040138668138
1.7562040138668138
1.7562040138668138
1.7562040138668138
1.7562040138668138
1.7562040138668138
2.5105771209000345
2.5105771209000345
2.5105771209000345
2.5105771209000345
3.264950227933255
4.019323334966476
4.773696441999697
4.773696441999697