1.0
1.0
1.0
1.0
1.0
1.0
1.0
1.0
1.0
1.0
1.0
1.0
1.0
1.0
1.0
1.0
1.0
1.0
1.0
1.0
1.0
1.0
1.0
1.0
1.0
1.0
1.0
1.001703506571174
1.0034070131423478
1.0034070131423478
1.0034070131423478
1.0034070131423478
1.0034070131423478
1.0034070131423478
1.0034070131423478
1.0034070131423478
1.0034070131423478
1.0034070131423478
1.0034070131423478
1.0034070131423478
1.0034070131423478
1.0034070131423478
1.0034070131423478
1.0034070131423478
1.0034070131423478
1.0034070131423478
1.0034070131423478
1.0034070131423478
1.0034070131423478
1.0034070131423478
1.0034070131423478
1.0034070131423478
1.0034070131423478
1.0034070131423478
1.0034070131423478
1.0034070131423478
1.0034070131423478
1.0034070131423478
1.0034070131423478
1.0034070131423478
1.0034070131423478
1.0034070131423478
1.0034070131423478
1.0034070131423478
1.0034070131423478
1.0051105197135217
1.0051105197135217
1.0051105197135217
1.0051105197135217
1.0051105197135217
1.0051105197135217
1.0051105197135217
1.0051105197135217
1.0051105197135217