1.0
1.0
1.0
1.0
1.0
1.0
1.0
1.0
1.0
1.0
1.0
1.0
1.0
1.0
1.0
1.0
1.0
1.0
1.0
1.0
1.0
1.0
1.0
1.0
1.0
1.0
1.0
1.0
1.0
1.994814004142087
2.9896293181095603
2.9914528703261754
2.9932764225427904
2.9932764225427904
2.9932764225427904
3.988093536987132
4.982910651431474
5.977727765875815
6.972544880320156
7.967361994764498
8.96217910920884
8.964002661425456
9.958817975392929
10.953633289360402
10.953633289360402
10.953633289360402
11.948450403804744
11.95027395602136
11.952097508237975
11.952097508237975
11.952097508237975
11.952097508237975
11.952097508237975
11.952097508237975
11.952097508237975
11.952097508237975
11.952097508237975
11.952097508237975
11.952097508237975
11.952097508237975
11.952097508237975
11.952097508237975
11.952097508237975
11.952097508237975
11.952097508237975
11.952097508237975
11.952097508237975
11.952097508237975
11.952097508237975
11.95392106045459
11.95392106045459
11.95392106045459
11.95392106045459
11.955744612671205