1.0
1.0
1.0
1.0
1.0
1.0
1.0
1.0
1.0
1.0
1.0
1.0
1.0
1.0
1.0
1.0
1.0
1.0
1.0
1.0
1.0
1.0
1.0
1.0
1.0
1.0
1.0
1.9949023058415234
2.989804611683047
2.989804611683047
2.989804611683047
2.989804611683047
2.989804611683047
2.989804611683047
2.989804611683047
2.989804611683047
2.989804611683047
2.989804611683047
2.989804611683047
2.989804611683047
2.989804611683047
2.989804611683047
2.989804611683047
2.989804611683047
2.989804611683047
2.989804611683047
2.989804611683047
2.989804611683047
2.989804611683047
2.989804611683047
2.989804611683047
2.989804611683047
2.989804611683047
2.989804611683047
2.989804611683047
2.989804611683047
2.989804611683047
2.989804611683047
2.989804611683047
2.989804611683047
2.989804611683047
2.989804611683047
2.989804611683047
2.989804611683047
2.989804611683047
3.98470691752457
3.98470691752457
3.98470691752457
3.98470691752457
3.98470691752457
3.98470691752457
3.98470691752457
3.98470691752457
3.98470691752457