1.0
1.0
1.0
1.0
1.0
1.0
1.0
1.0016797781769422
1.0033595563538844
1.0050393345308266
1.0067191127077688
1.0084048498516593
1.0100905869955499
1.0117763241394404
1.0134561023163826
1.0151358804933248
1.016815658670267
1.0184954368472092
1.0184954368472092
1.0184954368472092
1.0184954368472092
1.0184954368472092
1.0184954368472092
1.0184954368472092
1.0184954368472092
1.0184954368472092
1.0201811739910998
1.0201811739910998
1.0201811739910998
1.0201811739910998
1.0201811739910998
1.0201811739910998
1.0201811739910998
1.0201811739910998
1.0201811739910998
1.0201811739910998
1.0201811739910998
1.0201811739910998
1.0201811739910998
1.0201811739910998
1.0201811739910998
1.0201811739910998
1.0201811739910998
1.0201811739910998
1.0201811739910998
1.0201811739910998
1.0201811739910998
1.0201811739910998
1.0201811739910998
1.0201811739910998
1.0201811739910998
1.0201811739910998
1.0201811739910998
1.0201811739910998
1.0201811739910998
1.0201811739910998
1.0201811739910998
1.0201811739910998
1.0201811739910998
1.0201811739910998
1.021860952168042
1.0235407303449842
1.0252205085219264
1.0269002866988686
1.0269002866988686
1.0269002866988686
1.0269002866988686
1.0269002866988686
1.0269002866988686
1.0269002866988686
1.0269002866988686
1.0269002866988686
1.0269002866988686
1.0269002866988686