1.0
1.0017317458154462
1.0034634916308924
1.0051952374463387
1.0069269832617849
1.008658729077231
1.0103904748926773
1.0103904748926773
1.0103904748926773
1.0103904748926773
1.0103904748926773
1.0103904748926773
1.0103904748926773
1.0103904748926773
1.0103904748926773
1.0103904748926773
1.0103904748926773
1.0103904748926773
1.0103904748926773
1.0103904748926773
1.0103904748926773
1.0103904748926773
1.0121222207081235
1.0138539665235697
1.015585712339016
1.0173174581544622
1.0173174581544622
1.0173174581544622
1.0173174581544622
1.0173174581544622
1.0173174581544622
1.0173174581544622
1.0173174581544622
1.0173174581544622
1.0173174581544622
1.0173174581544622
1.0173174581544622
1.0173174581544622
1.0173174581544622
1.0173174581544622
1.0173174581544622
1.0173174581544622
1.0173174581544622
1.0173174581544622
1.0173174581544622
1.0173174581544622
1.0173174581544622
1.0173174581544622
1.0173174581544622
1.0173174581544622
1.0173174581544622
1.0173174581544622
1.0173174581544622
1.0173174581544622
1.0173174581544622
1.0173174581544622
1.0173174581544622
1.019055101021955
1.0207868468374013
1.0225185926528475
1.0225185926528475
1.0225185926528475
1.0225185926528475
1.0225185926528475
1.0242503384682937
1.0242503384682937
1.0242503384682937
1.0242503384682937
1.0242503384682937
1.0242503384682937
1.0242503384682937
1.0242503384682937
1.0242503384682937
1.0242503384682937