1.0
1.0
1.0
1.0
1.0
1.0
1.0
1.001688507103558
1.003377014207116
1.0050655213106738
1.0067540284142318
2.0015611511043163
2.996368273794401
3.9911753964844854
3.9928639035880433
3.9945524106916013
3.996240917795159
3.997929424898717
3.997929424898717
3.997929424898717
3.997929424898717
3.997929424898717
3.997929424898717
3.997929424898717
3.997929424898717
3.997929424898717
4.992736547588802
4.992736547588802
4.992736547588802
4.992736547588802
4.992736547588802
4.992736547588802
4.992736547588802
4.992736547588802
4.992736547588802
4.992736547588802
4.992736547588802
4.992736547588802
4.992736547588802
4.992736547588802
4.992736547588802
4.992736547588802
4.992736547588802
4.992736547588802
4.992736547588802
4.992736547588802
4.992736547588802
4.992736547588802
4.992736547588802
4.992736547588802
4.992736547588802
4.992736547588802
4.992736547588802
4.992736547588802
4.992736547588802
4.992736547588802
4.992736547588802
4.992736547588802
4.992736547588802
4.992736547588802
4.99442505469236
4.996113561795918
4.9978020688994755
4.9994905760030335
4.9994905760030335
4.9994905760030335
4.9994905760030335
4.9994905760030335
4.9994905760030335
4.9994905760030335
4.9994905760030335
4.9994905760030335
4.9994905760030335
4.9994905760030335