1.0
1.9947869692783138
2.9895739385566276
3.984360907834941
4.979147877113255
5.973934846391569
6.968721815669883
6.968721815669883
6.968721815669883
6.968721815669883
6.968721815669883
6.968721815669883
6.968721815669883
6.968721815669883
6.968721815669883
6.968721815669883
6.968721815669883
6.968721815669883
6.968721815669883
6.968721815669883
6.968721815669883
6.968721815669883
7.963508784948197
8.95829575422651
9.953082723504824
10.947869692783138
10.947869692783138
10.947869692783138
10.947869692783138
10.947869692783138
10.947869692783138
10.947869692783138
10.947869692783138
10.947869692783138
10.947869692783138
10.947869692783138
10.947869692783138
10.947869692783138
10.947869692783138
10.947869692783138
10.947869692783138
10.947869692783138
10.947869692783138
10.947869692783138
10.947869692783138
10.947869692783138
10.947869692783138
10.947869692783138
10.947869692783138
10.947869692783138
10.947869692783138
10.947869692783138
10.947869692783138
10.947869692783138
10.947869692783138
10.947869692783138
10.947869692783138
10.949585238106947
11.94437220738526
12.939159176663575
12.939159176663575
12.939159176663575
12.939159176663575
12.939159176663575
13.933946145941889
13.933946145941889
13.933946145941889
13.933946145941889
13.933946145941889
13.933946145941889
13.933946145941889
13.933946145941889
13.933946145941889
13.933946145941889