1.0
1.0016797727786035
1.003359545557207
1.0050393183358106
1.0067190911144142
1.0083988638930177
1.0100786366716212
1.0100786366716212
1.0100786366716212
1.0100786366716212
1.0100786366716212
1.0100786366716212
1.0100786366716212
1.0100786366716212
1.0100786366716212
1.0100786366716212
1.0100786366716212
1.0100786366716212
1.0100786366716212
1.0100786366716212
1.0100786366716212
1.0100786366716212
1.0117584094502248
1.0134381822288283
1.0151179550074318
1.0167977277860354
1.0167977277860354
1.0167977277860354
1.0167977277860354
1.0167977277860354
1.0167977277860354
1.0167977277860354
1.0167977277860354
1.0167977277860354
1.0167977277860354
1.0167977277860354
1.0167977277860354
1.0167977277860354
1.0167977277860354
1.0167977277860354
1.0167977277860354
1.0167977277860354
1.0167977277860354
1.0167977277860354
1.0167977277860354
1.0167977277860354
1.0167977277860354
1.0167977277860354
1.0167977277860354
1.0167977277860354
1.0167977277860354
1.0167977277860354
1.0167977277860354
1.0167977277860354
1.0167977277860354
1.0167977277860354
1.0167977277860354
1.0184766183244711
1.0201563911030747
1.0218361638816782
1.0218361638816782
1.0218361638816782
1.0218361638816782
1.0218361638816782
1.0235159366602817
1.0235159366602817
1.0235159366602817
1.0235159366602817
1.0235159366602817
1.0235159366602817
1.0235159366602817
1.0235159366602817
1.0235159366602817
1.0235159366602817