1.0
1.0
1.0
1.0
1.0
1.0
1.0
1.0
1.0
1.0
1.0
1.0
1.0
1.0
1.0
1.0
1.0
1.0
1.0016861402829136
1.0033722805658272
1.0050584208487408
1.0067445611316543
1.0067445611316543
1.0067445611316543
1.0067445611316543
1.0067445611316543
1.0067445611316543
1.0067445611316543
1.0067445611316543
1.0067445611316543
1.0067445611316543
1.0067445611316543
1.0067445611316543
1.0067445611316543
1.0067445611316543
1.0067445611316543
1.0067445611316543
1.0067445611316543
1.0067445611316543
1.0067445611316543
1.0067445611316543
1.0067445611316543
1.0067445611316543
1.0067445611316543
1.0067445611316543
1.0067445611316543
1.0067445611316543
1.0067445611316543
1.0067445611316543
1.0067445611316543
1.0067445611316543
1.0067445611316543
1.0067445611316543
1.0067445611316543
1.0084243375864168
1.0101041140411793
1.0117838904959418
1.0117838904959418
1.0117838904959418
1.0117838904959418
1.0117838904959418
1.0117838904959418
1.0117838904959418
1.0117838904959418
1.0117838904959418
1.0117838904959418
1.0117838904959418
1.0117838904959418
1.0117838904959418
1.0117838904959418
1.0117838904959418
1.0117838904959418
1.0117838904959418
1.0117838904959418