1.0
1.0018015121276365
1.003603024255273
1.0054045363829094
1.0072060485105458
1.0090075606381823
1.0108090727658188
1.0108090727658188
1.0108090727658188
1.0108090727658188
1.0108090727658188
1.0108090727658188
1.0108090727658188
1.0108090727658188
1.0108090727658188
1.0108090727658188
1.0108090727658188
1.0108090727658188
1.0108090727658188
1.0108090727658188
1.0108090727658188
1.0108090727658188
1.0126105848934552
1.0144120970210917
1.0162136091487282
1.0180151212763646
1.0180151212763646
1.0180151212763646
1.0180151212763646
1.0180151212763646
1.0180151212763646
1.0180151212763646
1.0180151212763646
1.0180151212763646
1.0180151212763646
1.0180151212763646
1.0180151212763646
1.0180151212763646
1.0180151212763646
1.0180151212763646
1.0180151212763646
1.0180151212763646
1.0180151212763646
1.0180151212763646
1.0180151212763646
1.0180151212763646
1.0180151212763646
1.0180151212763646
1.0180151212763646
1.0180151212763646
1.0180151212763646
1.0180151212763646
1.0180151212763646
1.0180151212763646
1.0180151212763646
1.0180151212763646
1.0180151212763646
2.012883042546627
2.0146845546742633
2.0164860668018996
2.0164860668018996
2.0164860668018996
2.0164860668018996
2.0164860668018996
2.018287578929536
2.018287578929536
2.018287578929536
2.018287578929536
2.018287578929536
2.018287578929536
2.018287578929536
2.018287578929536
2.018287578929536
2.018287578929536