1.0
1.0
1.0
1.0
1.0
1.0
1.0
1.0
1.0
1.0
1.0
1.0
1.0
1.0
1.0
1.0
1.0
1.0
1.994846184636054
2.989692369272108
3.9845385539081617
4.979384738544216
4.979384738544216
4.979384738544216
4.979384738544216
4.979384738544216
4.979384738544216
4.979384738544216
4.979384738544216
4.979384738544216
4.979384738544216
4.979384738544216
4.979384738544216
4.979384738544216
4.979384738544216
4.979384738544216
4.979384738544216
4.979384738544216
4.979384738544216
4.979384738544216
4.979384738544216
4.979384738544216
4.979384738544216
4.979384738544216
4.979384738544216
4.979384738544216
4.979384738544216
4.979384738544216
4.979384738544216
4.979384738544216
4.979384738544216
4.979384738544216
4.979384738544216
4.979384738544216
4.981146725865035
4.982908713185854
4.984670700506673
4.984670700506673
4.984670700506673
4.984670700506673
4.984670700506673
4.984670700506673
4.984670700506673
4.984670700506673
4.984670700506673
4.984670700506673
4.984670700506673
4.984670700506673
4.984670700506673
4.984670700506673
4.984670700506673
4.984670700506673
4.984670700506673
4.984670700506673