1.0
1.0
1.0
1.0
1.0
1.0
1.0
1.0
1.0
1.0
1.0
1.0
1.0
1.0
1.0
1.0
1.0
1.0
1.001781534798119
1.0035630695962379
1.0053446043943568
1.0071261391924757
1.0071261391924757
1.0071261391924757
1.0071261391924757
1.0071261391924757
1.0071261391924757
1.0071261391924757
1.0071261391924757
1.0071261391924757
1.0071261391924757
1.0071261391924757
1.0071261391924757
1.0071261391924757
1.0071261391924757
1.0071261391924757
1.0071261391924757
1.0071261391924757
1.0071261391924757
1.0071261391924757
1.0071261391924757
1.0071261391924757
1.0071261391924757
1.0071261391924757
1.0071261391924757
1.0071261391924757
1.0071261391924757
1.0071261391924757
1.0071261391924757
1.0071261391924757
1.0071261391924757
1.0071261391924757
1.0071261391924757
1.0071261391924757
2.002004598962132
2.996883058731788
3.991761518501444
3.991761518501444
3.991761518501444
3.991761518501444
3.991761518501444
3.991761518501444
3.991761518501444
3.991761518501444
3.991761518501444
3.991761518501444
3.991761518501444
3.991761518501444
3.991761518501444
3.991761518501444
3.991761518501444
3.991761518501444
3.991761518501444
3.991761518501444