1.0
1.0
1.0
1.0
1.0
1.0
1.0
1.9949519365425576
2.9899038730851153
3.984855809627673
4.979807746170231
4.981629149192364
4.983450552214498
4.985271955236631
5.980223891779189
6.975175828321746
7.970127764864304
8.96507970140686
8.96507970140686
8.96507970140686
8.96507970140686
8.96507970140686
8.96507970140686
8.96507970140686
8.96507970140686
8.96507970140686
8.966901104428995
8.966901104428995
8.966901104428995
8.966901104428995
8.966901104428995
8.966901104428995
8.966901104428995
8.966901104428995
8.966901104428995
8.966901104428995
8.966901104428995
8.966901104428995
8.966901104428995
8.966901104428995
8.966901104428995
8.966901104428995
8.966901104428995
8.966901104428995
8.966901104428995
8.966901104428995
8.966901104428995
8.966901104428995
8.966901104428995
8.966901104428995
8.966901104428995
8.966901104428995
8.966901104428995
8.966901104428995
8.966901104428995
8.966901104428995
8.966901104428995
8.966901104428995
8.966901104428995
8.966901104428995
9.961853040971553
10.95680497751411
11.951756914056668
12.946708850599226
12.946708850599226
12.946708850599226
12.946708850599226
12.946708850599226
12.946708850599226
12.946708850599226
12.946708850599226
12.946708850599226
12.946708850599226
12.946708850599226