137
137
137
137
137
137
137
137
137
137
137
137
140
141
141
141
140
140
140
140
140
140
140
139
139
139
139
138
138
138
138
138
137
137
137
137
137
137
136
136
136
136
136
136
136
136
136
136
135
135
134
134
134
134
134
134
134
134
134
134
134
134
134
134
134
134
134
134
134
134
134
134
134
134
134
134
134
134
134
134
134
134
134
134
134
134
134
134
134
134
134
134
134
134
134
134
134
134
134
134
134
134
134
134
134
134
134
134
135
135
135
135
135
136
136
136
136
136
136
137
137
137
137
137
138
139
139
140
140
140
141
141
142
143
143
144
145
146
146
147
148
149
150
150
150
151
151
152
153
154
155
156
157
158
158
159
161
161
162
162
163
163
164
165
165
166
167
167
168
169
170
170
171
172
172
173
174
175
175
176
177
178
178
179
179
180
180
181
181
182
183
183
183
184
184
185
186
187
187
188
189
190
191
192
192
192
193
193
193
194
194
194
195
195
196
197
198
199
199
199
200
200
200
201
201
202
203
204
205
205
206
206
207
207
208
208
209
210
210
211
211
212
213
214
214
215
216
217
217
218
218
219
219
220
220
220
221
221
221
222
222
223
223
224
225
225
226
226
226
226
227
228
229
229
229
229
230
230
230
231
231
231
232
232
233
233
234
235
235
236
236
237
237
237
237
237
238
238
238
238
239
239
240
240
240
240
240
240
241
241
241
241
241
241
241
241
241
241
242
242
242
242
242
243
243
243
243
243
243
243
243
243
243
243
243
243
243
243
243
243
243
243
243
243
243
243
243
243
243
243
243
243
243
243
243
243
243
243
243
243
243
243
243
243
244
244
245
246
246
246
246
246
246
246
247
247
247
247
247
247
247
247
247
247
247
247
247
247
247
247
247
247
247
247
247
248
248
248
248
248
248
248
248
249
249
249
249
249
249
249
250
250
250
251
251
251
251
251
251
251
251
251
251
251
251
251
251
251
251
251
251
251
251
251
252
252
252
252
252
253
253
253
253
253
253
253
253
253
253
253
253
253
253
253
253
253
253
253
253
252
252
250
248
247
246
244
243
242
241
240
237
232
228
224
222
219
52
35
29
27
26
25
22
21
21
20
19
19
19
18
17
16
16
16
16
16
16
16
16
16
16
15
15
15
15
14
14
14
14
14
14
14
14
14
14
14
14
14
14
14
14
14
14
14
14
13
12
12
11
11
11
11
11
11
11
11
11
11
11
11
11
10
10
10
10
10
10
10
10
10
10
10
10
10
10
10
10
10
10
10
10
10
10
10
10
10
10
11
11
11
12
12
12
12
12
12
12
12
13
13
14
14
15
15
16
16
17
17
17
17
17
17
17
18
18
18
18
19
19
19
20
20
20
21
21
22
22
22
23
23
24
24
24
24
24
24
24
24
24
24
24
24
24
24
24
24
24
25
25
25
25
26
26
26
26
27
27
27
28
28
28
28
28
28
28
28
28
28
28
28
28
28
28
28
28
28
28
28
28
28
28
28
28
28
28
28
28
28
28
28
28
28
28
28
28
28
28
28
28
29
29
29
30
30
30
31
31
32
32
32
32
32
32
32
32
32
32
32
32
32
32
32
32
32
32
32
32
32
32
32
32
32
32
32
32
32
32
32
32
32
32
32
32
32
32
33
33
33
33
33
33
33
33
33
33
33
33
33
33
33
33
33
33
33
33
33
33
33
33
33
33
33
33
33
33
33
33
33
33
33
33
33
33
33
33
33
33
33
33
33
33
33
33
33
33
33
33
33
33
33
33
33
33
33
33
33
33
33
33
33
33
33
33
33
33
33
33
33
61
63
65
68
76
80
84
95
97
105
116
122
128
134
135
140
141
142
143
145
148
150
153
156
158
160
162
169
172
177
179
181
183
186
190
191
192
195
197
198
200
201
201
202
202
202
202
202
202
202
202
202
202
202
202
202
202
202
202
202
202
202
202
202
202
202
202
202
202
202
202
202
202
202
202
202
202
202
202
202
202
202
202
202
202
202
202
202
202
202
202
202
203
35
35
35
34
34
34
34
33
33
33
33
32
32
32
32
32
31
31
31
31
30
30
30
30
29
29
29
29
29
28
28
27
27
27
26
26
26
25
25
25
25
25
25
24
24
24
24
23
23
23
22
22
22
22
21
21
21
21
21
21
21
21
21
21
21
21
21
21
21
21
21
21
21
21
21
21
21
21
21
21
21
21
21
21
21
21
21
21
21
21
21
21
22
22
23
23
95
104
107
110
111
114
125
128
132
135
138
141
146
147
155
156
161
166
169
170
170
170
171
171
172
172
173
173
174
174
175
176
177
177
177
177
178
178
178
179
179
179
180
180
180
180
180
181
181
181
181
181
181
182
182
182
182
182
182
182
183
183
183
183
183
183
184
184
185
185
186
186
186
186
186
186
186
186
186
186
187
187
187
187
187
188
188
188
188
188
189
189
189
189
189
189
189
189
189
189
190
190
191
191
192
192
192
192
193
193
193
193
194
194
194
194
194
195
195
195
195
195
195
195
195
195
195
196
196
196
196
197
197
197
197
197
198
198
198
198
198
198
198
198
198
198
198
198
198
198
198
210
208
207
206
205
203
202
201
200
200
199
199
199
137