209
209
208
208
207
207
207
206
206
205
205
204
204
204
203
203
203
202
202
202
201
201
201
201
200
200
200
199
199
199
198
198
198
198
197
197
197
196
196
196
195
195
195
195
194
194
194
193
193
193
193
192
192
192
192
191
191
191
191
190
190
190
190
190
189
189
188
188
188
187
187
187
186
186
185
185
185
184
184
184
183
183
183
182
182
181
181
181
180
180
180
179
179
179
178
178
177
177
176
176
176
175
175
174
174
174
173
173
172
172
172
171
171
171
170
170
170
170
169
169
169
169
168
168
168
168
167
167
167
166
166
166
165
165
165
164
164
164
163
163
163
163
162
162
162
161
161
161
161
160
160
160
159
159
159
159
158
158
158
157
157
157
157
156
156
156
155
155
155
155
154
154
154
153
153
153
152
152
152
151
151
151
150
150
150
150
150
149
149
149
149
149
149
149
149
148
148
148
148
148
148
148
148
148
147
147
146
146
146
145
145
145
145
145
145
145
145
145
145
145
145
145
145
144
144
144
144
144
144
144
144
144
144
144
144
144
144
144
144
144
144
144
144
144
144
144
144
144
144
144
144
144
144
144
144
144
144
144
144
144
144
144
144
144
144
144
144
144
144
144
144
144
144
144
144
144
144
144
144
144
144
144
144
144
144
144
144
144
144
144
144
144
144
144
144
144
144
144
144
144
144
144
144
144
144
144
144
144
144
144
144
144
144
144
144
144
144
144
144
144
144
144
144
144
145
145
145
146
146
146
147
147
147
148
148
148
149
149
149
150
150
150
150
150
150
151
151
151
151
151
151
151
151
151
151
151
151
151
151
151
151
151
151
151
152
152
153
153
153
154
154
156
156
157
157
158
159
160
161
163
164
166
167
169
174
178
183
188
192
197
202
203
205
207
209
211
212
214
216
218
219
221
223
225
226
228
230
232
234
235
236
237
238
239
239
240
240
241
242
242
243
244
244
245
246
246
247
248
248
249
250
250
250
251
251
251
252
252
253
253
253
254
254
254
255
255
256
256
256
256
256
256
257
257
257
257
257
258
258
258
258
258
259
259
259
259
259
260
260
260
260
260
258
256
254
253
251
250
248
247
245
244
243
241
240
239
238
236
235
234
230
229
228
227
226
224
222
221
219
217
215
214
212
210
208
207
205
203
202
200
198
196
194
192
190
188
186
185
183
181
179
177
175
173
171
169
167
165
163
161
159
158
156
154
152
150
148
147
145
143
141
139
137
136
133
130
127
124
122
119
116
113
111
105
100
97
95
92
90
87
85
83
80
78
75
73
70
68
66
63
61
58
56
54
49
45
40
36
33
31
29
29
29
29
30
30
30
30
30
30
30
30
30
30
30
30
31
31
31
32
32
33
33
34
34
34
35
35
36
36
37
37
37
38
38
39
39
40
40
40
41
41
42
42
43
43
43
44
44
45
45
46
46
46
47
47
47
48
48
48
49
49
49
50
50
50
50
51
51
51
51
52
52
52
52
53
53
53
54
54
54
54
55
55
55
55
56
56
56
57
57
57
58
58
59
59
60
60
61
61
62
62
63
63
64
64
65
66
66
66
66
67
67
67
68
68
68
69
69
69
69
70
70
70
71
71
71
72
72
72
73
71
72
72
73
73
73
74
74
74
75
75
76
76
76
76
76
76
76
76
77
77
77
77
77
77
77
77
78
78
78
78
78
78
78
78
79
79
79
79
79
79
79
79
80
80
80
80
80
80
80
80
81
81
81
82
82
82
83
83
83
84
84
84
85
85
85
86
86
86
87
87
87
88
88
88
89
89
89
90
90
90
91
91
91
92
92
92
93
93
93
94
94
94
95
95
95
96
96
96
97
97
97
98
98
98
99
99
99
100
100
101
101
102
102
103
104
104
105
105
105
105
106
106
106
107
107
107
108
108
108
109
109
109
110
110
110
111
111
111
111
112
112
112
113
113
113
114
114
114
115
115
115
116
116
116
117
117
117
118
118
119
119
120
120
121
121
122
122
123
123
124
125
125
126
126
127
127
128
128
129
129
130
130
131
132
132
133
133
134
134
135
135
136
136
137
137
138
139
139
139
140
140
140
141
141
142
142
142
143
143
144
144
144
145
145
146
146
146
147
147
147
148
148
149
149
149
150
150
151
151
151
152
152
153
153
154
154
155
155
156
157
157
157
158
158
158
159
159
159
160
160
160
161
161
161
162
162
162
163
163
163
164
164
164
165
165
165
166
166
166
167
167
168
168
168
169
169
170
170
171
171
171
172
172
173
173
173
174
174
175
175
176
176
176
177
177
178
178
179
179
179
180
180
180
181
181
181
182
182
183
183
183
184
184
184
185
185
185
186
186
187
187
187
188
188
188
189
189
190
190
191
191
191
191
192
192
192
192
193
193
193
193
194
194
194
194
195
195
195
196
196
196
197
197
197
198
198
199
199
199
200
200
200
201
201
202
202
202
203
203
204
204
204
205
205
205
206
206
207
207
207
208
208
209
209
209
209
209
209
209
209
209
209
209
209
209
210
210
210
211
211
211
212
212
212
213
213
213
214
216
216
216
216
216
216
216
216
216
216
216
219
219
219
220
220
220
221
221
221
222
222
222
223
223
223
224
224
225
226
209
210