59.96350339739099
88.55998305804478
58.735459291611754
48.780677257401074
38.58342012593766
51.321491988500746
72.49120652312749
43.3578621388808
72.30496028976236
0.0
26.125008423750238
100.0
44.130054469644556
71.72476905256319
39.14499695290951
67.39291526105312
55.49277618955262
54.7491056518399
98.98971351647297
60.91421102934409
40.98332028471909
1.5975533944039677
44.130043277496355
26.159316138798822
7.73356326495864
22.165143949740205
1.5137162281045282
26.159392491604613
18.33876539044361
24.169205973288534
31.514411027271418
24.55554746795362
10.183275033186424
32.309867631265014
16.394194956210324
30.22367557943488
27.536422949605363
12.553201694592094
24.678039587405664
28.801825106452075
20.703616002611298
29.683093493578763
30.35871039608394
32.500951994849906
30.486375349170487