25.36980973669447
166.36931428986193
193.82263625119057
101.78474644270142
316.0617108231875
202.7642263042324
203.2736147731558
209.94060210172808
130.49623142681892
48.95230658016892
363.73867696655566
29.13399506957982
256.6872682792831
27.409777487941415
198.16619376625025
15.229177103739978
213.08740177229018
174.7367298487134
15.0
184.47396372829803
231.97011809211364
40.39604849821626
264.69006395658715
372.99965611274706
197.08111953709033
126.39067337987599
65.23075725269659
377.00000000000006
287.26100261640244
249.80199023027274
316.2648610613448
262.5613326645172
139.00269244328274
280.5249139390904
99.36654306565771
301.0079147651018
228.7348797700912
128.61907472876942
170.9260812897195
237.81928377646705
118.35077873133496
215.37046749865115
222.52579422217048
266.5008545778928
207.83422087395175