128.10766497769657
43.74804997876788
131.73039508974531
161.09700209066682
191.17891062848392
153.6015986339228
91.15094075677393
177.09430669030166
91.70036714520103
305.0
227.93122514993678
10.0
174.81633931454857
93.4119312949386
189.52225898891695
106.19089997989329
141.29631024081976
143.49013832707232
12.9803451264047
125.30307746343493
184.09920516007867
300.28721748650827
174.81637233138576
227.83001739054347
282.185988368372
239.6128253482664
300.53453712709165
227.82979214976638
250.90064209819135
233.70084237879882
212.03248746954932
232.56113496953682
274.95933865210003
209.6858904877682
256.63712487917957
215.84015704066712
223.76755229866416
267.9680550009533
232.1997832171533
220.03461593596637
243.92433279229667
217.43487419394265
215.44180433155236
209.12219161519278
215.06519271994705