5.868657686003003
0.9373421520166215
2.8176101223960477
0.0
2.4284708151560195
0.36938753143632774
3.6620111158380664
34.23642237561261
39.82696773127173
42.751972977279394
44.44631390500531
37.666044720004166
43.93199804580148
47.485650711031546
90.29762812476882
87.79224926772702
94.27361664314624
97.86600891716704
91.52920136396241
99.85334970213934
100.0
85.25242095184271
73.5457773886175
77.47235862507591
83.27063378669992
87.61310031751097
79.30685576097936
81.6511732962565
77.83054789800066
87.18559221310731
79.66285920808315
77.5822807042895
68.63004576284457
73.84675793841615
92.98192559216528
81.68115977211986
78.7031655897197
80.61985387356712
72.944906106579
76.47192576151222
80.16430310658797
82.99217641170172
80.21620607632443
74.60932532655575
83.44663054097445
90.64457947158047
78.37694323770518
87.11635021403795
62.642626193750324
69.57890862233953
81.59464547606986
74.28084735230522
78.6436161939462
71.02007146082526
57.20341116190881
59.56652315598155