143.58980364409962
135.99360341803225
133.9257779516874
152.3214023701207
163.0143317078092
153.6894485335015
268.6639893070281
256.57940881048114
233.71085659566754
280.6095435875716
161.74074433853227
230.46644745728355
250.17529005385362
238.30666461970964
149.15190952122322
141.56370131756358
117.0813335308046
23.832981724248274
35.20904670103134
102.04752304903695
32.15229358926852
23.48066428423079
121.71683709216288
15.0
32.055987241103196
24.839178057933527
110.07848310261411
133.56316900600177
38.54945505018431
80.60091692973613
35.42846101266035
66.1182650866898
46.953068854579506
65.0623691106224
57.93921242316678
309.7199656995424
89.73795137662906
92.09576272022778
73.12762899682016
50.29554322720114
51.9139388685865
79.17044150363517
84.68132413294472
357.20603561505413
73.58731077331147
69.77442719162227
56.6421256904885
343.74817309309606
48.87578540545603
353.05937029628353
327.767620423803
298.8368501461293
63.63034306048334
29.411913958834226
375.0
79.91681664786029
99.92235937101961
41.04441967344653
87.73267948665985
36.32017336016921
47.084300588170585
85.53304269973898
13.384693432582374
36.91777365337876
64.18850676843158
57.033123812674035
22.4873059656803
43.83866153660718
51.080468925024974
55.40933777110445
81.44726003821502
59.23275480455777
13.086342823884742
32.015764971588894
93.02393826378811
48.06222829008688
42.25179788867295
32.87032673976233
14.47828677618661
73.42089974120658
35.90899888505999
59.62385339519983
52.1510209130991
63.54042865155036
86.32452414347402
86.97511019675302
92.65030923753204
26.550108781497883
110.14252223796284
101.87072920512486
44.01256293969371
108.07659924647515
107.93220084786006
123.2067285036011
49.0535587308488
75.84488851084714
93.92953199841183
69.87693661057554
117.45425797356685
90.70120111459941
92.07677017645025
101.23873926377863
65.86774553892695
102.20364246217207
75.85631704957483