375.0
331.29216062522204
352.71002073663095
334.37419452095577
344.1234022775245
321.52180087962654
364.1806705223077
60.54048619485825
63.96662039271734
51.702207712372385
49.951921003409055
54.94072907622465
65.15063691956846
59.971822289620484
208.17667197539046
215.28368284438417
222.7059714574593
204.77775720318263
230.50245758836303
211.50660037492833
226.04547833914094
116.48793078618573
125.40837708540766
136.1508168230643
136.18382871365475
89.17717447477555
153.1330808494074
105.32117677248752
108.92251905278448
105.08243997078853
99.38523102248472
144.2992563779181
123.40989668902358
133.22062818118104
120.63408292039833
33.55918489908427
27.210731699815042
127.75779694144836
21.684918318061143
143.38779977815858
44.45229860364485
125.59476956943769
21.59667810965332
120.39891677753523
15.0
114.79464736380923
37.41304779422141
126.44610054241679
141.28182392607897
143.06282954342598
139.98940142536645
104.28891129024764
113.83500472578598
115.21508325340841
120.98648012261592
113.00049451135118