38.201252742716015
35.9433197939093
32.7822620328601
39.91150026310346
37.907589769457026
34.962639784316956
21.391552687104557
19.868763978002363
21.328805352799147
22.136533376749128
42.31475827701244
18.642630560153115
19.66864022939467
18.888255676246015
28.23140961100779
27.19929707017179
23.15764815901553
6.11230378149976
6.095754877899842
21.08706460571619
5.889609228349165
7.921338080948577
24.994371505120057
6.987664802044726
6.161052148323452
4.9269824486100084
21.801976406050716
26.178457011600294
92.24744147687836
20.586346024463715
81.33295247301842
4.502032707995611
90.45928331991554
5.8469019478784885
3.942024730526694
36.07528319884035
7.710064451082237
22.936393249001377
6.259902109438123
93.6034848340616
20.03001666775918
23.217405738724878
21.976740198101968
50.442661012202095
5.96521703798049
20.997091211513517
95.57432527654203
46.81656121647473
100.0
52.219821212545114
42.144499869114874
33.54846711701087
21.336722189094612
83.54453533025854
56.47824826023331
6.229602685434947
23.22990261012112
11.65711228060989
14.908036491415293
25.34901722328296
5.616392119588267
23.895440231134724
4.567007757384989
16.136792322259833
11.406205579241913
8.661073953010803
2.213073810409088
6.472109303516783
1.2384864149297172
25.288857629348254
13.689071375360575
13.986902904110574
3.4359956859312586
17.26005329773584
17.839413213895995
12.222407245937609
3.381165687739521
23.08607883778588
0.0
23.213918803670254
1.4639645882639545
22.115969005705292
13.472358905715252
26.093987933459683
46.74193967220429
19.099773211564965
58.236294455712844
20.761666861224704
21.45845844866512
19.510443007561992
19.04882346793574
24.228786109182177
58.799764005783
25.0977644140435
26.16125737403632
46.845697919758784
19.780492611320053
18.677497242792477
23.77534924682848
51.12132742150046
25.112685988902985
55.413667478187584
22.936072190657313
62.366350290247695
24.48422579719444