190.30630440898776
196.96720660796754
208.2923270030627
183.2610742238448
191.17261018010177
199.86021263626498
243.89491957304156
236.38714626489303
240.0800242092425
237.6972265385901
176.17146308281332
260.0042398475483
244.97751132328574
253.27964575507426
209.717341647527
216.76207364299322
242.6849379309042
274.9687038445757
281.01752311019544
256.79315941313723
291.62565277637
259.63205266120167
233.26660405989583
268.38638883396806
268.82489616244584
300.46540177660046
250.6841696021504
223.77355181577911
32.87004764320881
246.27027922783202
67.06779020459567
283.71900351141295
40.14511420624916
303.75163925375847
295.37102704494623
198.57791456342096
284.2553098693074
211.33763991544595
296.5332887771575
28.869719739518246
239.91145083011043
204.50865307076162
220.1686164155992
158.19415001400384
273.40260973795756
257.0585809260351
21.055740434201027
166.89114441139955
10.0
148.95152742299192
180.67372538611113
206.03202200481792
246.05666954217088
56.54362077573728
138.38916763231174
286.6226720779669
220.4717873001427
260.61151877220084
273.02129235032487
212.22039919131527
284.4316432472146
236.50845131815257
281.5273271157143
239.3964626493335
267.3516935412364
277.44983183861814
286.4714322592932
271.90727755462547
303.3464650759573
210.39786999342266
264.6172394426863
255.73863643287382
294.8638127265028
250.08284277167928
246.3737310190068
250.94389862448406
295.0255612211684
226.89606742853164
305.0
214.51893952917277
304.68130446462135
229.7578914331694
265.25654122814
204.02273559629393
171.11127796699736
254.65566902588336
133.20293135564714
235.75308275938713
231.6975475764379
237.44419312769213
230.80597076958958
213.52508097791258
131.54069618294017
212.96159497857167
219.82429074659285
162.80519113671158
264.64754679660587
237.90138313376218
222.86271972185597
154.19208410657365
228.9175763327362
143.52968093934663
221.33858703756093
119.0192666437693
228.7715338982764