141.58980364409962
133.99360341803225
133.9257779516874
148.3214023701207
161.0143317078092
151.6894485335015
270.6639893070281
246.5794088104811
235.71085659566754
278.6095435875716
157.74074433853227
240.46644745728355
248.17529005385362
238.30666461970964
137.15190952122322
133.56370131756358
115.0813335308046
17.832981724248274
21.209046701031344
104.04752304903695
20.152293589268517
21.48066428423079
123.71683709216288
15.0
18.0559872411032
18.839178057933527
108.07848310261411
129.56316900600177
38.54945505018431
58.60091692973613
33.42846101266035
54.118265086689796
48.953068854579506
65.0623691106224
47.93921242316678
309.7199656995424
75.73795137662906
62.095762720227775
67.12762899682016
50.29554322720114
57.9139388685865
63.170441503635175
60.68132413294472
355.20603561505413
63.58731077331147
59.77442719162227
54.6421256904885
343.74817309309606
48.87578540545603
355.05937029628353
327.767620423803
298.8368501461293
59.63034306048334
31.411913958834226
375.0
67.91681664786029
63.92235937101961
43.04441967344653
71.73267948665985
66.3201733601692
35.084300588170585
63.53304269973899
27.384693432582374
42.91777365337876
60.18850676843158
47.033123812674035
26.4873059656803
37.83866153660718
29.080468925024977
67.40933777110445
69.44726003821502
43.23275480455777
25.086342823884742
44.015764971588894
83.02393826378811
42.06222829008688
30.251797888672947
62.87032673976233
24.47828677618661
63.42089974120658
25.908998885059987
61.62385339519983
44.1510209130991
67.54042865155036
82.32452414347402
64.97511019675302
96.65030923753204
50.55010878149788
96.14252223796284
87.87072920512486
54.01256293969371
104.07659924647515
103.93220084786006
109.2067285036011
49.0535587308488
79.84488851084714
91.92953199841183
57.87693661057554
105.45425797356685
90.70120111459941
62.07677017645026
99.23873926377863
53.86774553892696
104.20364246217207
55.85631704957483