192.30630440898776
198.96720660796754
208.2923270030627
187.2610742238448
193.17261018010177
201.86021263626498
241.89491957304156
246.38714626489303
242.0800242092425
239.6972265385901
180.17146308281332
250.00423984754832
246.97751132328574
249.27964575507426
221.717341647527
224.76207364299322
236.6849379309042
286.9687038445757
287.01752311019544
242.79315941313723
287.62565277637
281.63205266120167
231.26660405989583
284.38638883396806
286.82489616244584
290.46540177660046
240.6841696021504
227.77355181577911
32.87004764320881
244.27027922783205
65.06779020459567
291.71900351141295
38.14511420624916
287.75163925375847
293.37102704494623
198.57791456342096
282.2553098693074
237.33763991544595
286.5332887771575
28.869719739518246
245.91145083011043
236.50865307076162
240.1686164155992
156.19415001400384
287.40260973795756
243.05858092603512
23.055740434201027
166.89114441139955
10.0
150.95152742299192
180.67372538611113
206.03202200481792
242.05666954217088
58.54362077573728
138.38916763231174
286.6226720779669
236.4717873001427
270.61151877220084
261.02129235032487
230.22039919131527
288.4316432472146
234.50845131815257
291.5273271157143
257.3964626493335
271.3516935412364
279.44983183861814
298.4714322592932
285.90727755462547
301.3464650759573
230.39786999342266
264.6172394426863
263.7386364328738
294.8638127265028
254.08284277167928
252.3737310190068
268.94389862448406
295.0255612211684
236.89606742853164
305.0
236.51893952917277
300.68130446462135
239.7578914331694
265.25654122814
228.02273559629393
167.11127796699736
248.65566902588336
133.20293135564714
243.75308275938713
241.6975475764379
247.44419312769213
248.80597076958958
233.52508097791258
131.54069618294017
230.96159497857167
227.82429074659285
166.80519113671158
246.64754679660584
249.90138313376218
234.86271972185597
154.19208410657365
230.9175763327362
141.52968093934663
237.33858703756093
121.0192666437693
232.7715338982764