505.29836381282786
339.0195176171651
385.72907611178425
535.7459847236096
252.22593111243353
514.8608655579555
237.14828639627785
403.383945507284
335.41446856517996
295.97218140121555
203.32676111331818
264.52094916444076
189.32380564423815
534.8816065069271
368.2148805479473
372.4941495531892
220.89780773728745
419.52305575301966
427.8473488273931
347.14172426902275
220.11000561034635
503.23189148951724
171.5291263802085
505.06870710785086
192.56349541972085
489.2932700362207
365.10113715652454
546.4497879215182