844.0819352952523
594.290146558794
260.79569993972905
464.70032851713523
587.5869702982369
509.8048946273702
873.9713572821223
510.2619649732276
434.5874249183057
251.9418419734015
583.0130261409107
511.05733777618957
557.0719678188314
886.9678051842307
576.0283993496299
869.9987101187106
250.46502861791936
244.03538298724487
829.1699479098048
824.519307418395
420.84278751518076
582.1784896463041
257.33701982162165
251.9620086219058
894.6451949130171
553.216493445457
583.6133870140584
241.4420452030095