456.5371057331202
586.8333104480034
164.91503385946723
244.20261054022606
1732.6539740169044
299.0811632837375
463.0429547748359
409.3878203549663
408.0158046329456
420.00343964736913
1760.9372054625344
296.6256203638809
272.2919701232863
299.33511476452554
460.1352642295222
1703.0228682843144
288.6680279295229
316.57805200996415
188.23711848663584
257.37996442616026
325.09547256345866
370.6734560057314
287.72859438369295
581.9439598233957
207.35626774604
593.3406837617764
377.8622770283252
594.1446213697769
218.73166623341393
1697.7613936420778
1767.0048712760326
298.1717712342879
1720.3402362544239
184.36849087347457
592.8446399633101
296.6178329959549
603.1507159098225
1702.1236894907909
383.90048914182694
344.29819011163227
610.8155264544768
325.78783007766475