444.0226264350089
210.39584798063981
122.16053210433786
124.54273106290893
137.4755707910828
266.53112396732286
140.33263699146403
394.21589830131927
141.34783862262017
253.11479219242702
128.97521840257616
134.19246000132506
382.5214009434296
112.81107366806995
124.77714568275654
270.85582516464115
224.58596869917093
272.8359345331441
130.9243504067775
142.13240599205648
132.21274407560708
255.48759880837062
116.25819451835535
208.13589753084273
350.74818870357404
242.91703504616376
273.71074766828633
273.97231869379414
357.5644713236369
412.7432788315281
256.89054696267493
247.22404176420198
253.1759092834584
141.684145392064
415.3642623886796