0.03310744826858108
0.02319995777027027
0.04043826541385135
0.03984440983952703
0.051672033361486486
0.039969779349662164
0.047000369510135136
0.02132931271114865
0.04625145164695946
0.015397355363175675
0.04219673775337838
0.04441709776182432
0.02187038112331081
0.03549606735641892
0.04067250844594594
0.04927351668074324
0.024763777449324325
0.047976932010135136
0.047115841427364864
0.048587283572635136
0.04355600717905406
0.04490537901182432
0.03919446790540541
0.04018752639358108
0.01761111697635135
0.018752639358108107
0.050345755912162164
0.04590503589527027
0.01805980785472973
0.025971283783783782
0.043242583403716214
0.013810441300675675
0.01566459037162162
0.042721310177364864
0.030247043918918918