1036.7349658360902
1257.9260902454553
754.7776284764054
682.0187018018847
652.2066799196112
980.4309538150653
556.2637731140171
906.8986737522819
574.2649971551808
1132.2628703661408
728.9124625923707
530.8337149452378
914.1440706349499
731.3149163629956
748.7174294723092
1032.9454512200416
1222.333335587105
1058.129782093795
622.7143884174997
600.8952859340501
673.8258686932991
973.0713120189749
648.3199623864706
1385.9183427356738
865.2816983874386
1117.158054243946
1045.4272029023862
1015.8182706836095
871.0087955400377
1007.0143496451858
961.2430575712768
921.1458825465894
1109.1379414935752
519.1999218473804
996.9124955130679