0.030072186444256757
0.011514199746621621
0.06095927470439189
0.09983372043918919
0.23208865603885134
0.0656639305320946
0.03238822318412162
0.020095412795608107
0.01576026710304054
0.02143488703547297
0.22817910684121623
0.06438384184966216
0.058712521114864864
0.06503708298141891
0.02573704075168919
0.22229333826013514
0.06377349028716216
0.008541622677364864
0.07396801097972973
0.11429740287162163
0.0086669921875
0.00853832347972973
0.0639747413429054
0.013912716427364864
0.08311338682432433
0.0140380859375
0.012025575380067568
0.00986130173141892
0.09393145586993243
0.22486011402027026
0.22454669024493243
0.015107025971283784
0.22793496621621623
0.06973843961148649
0.011844119510135136
0.06728383657094594
0.010197819890202704
0.22544077280405406
0.018198374155405407
0.011418523015202704
0.014575855152027027
0.006743559966216216