252.78524421250506
274.4684798536515
289.17731979585767
249.7811686224826
87.64115309057365
245.06795668209966
253.31911482593665
266.8061523354114
271.80319336080277
263.9944661829226
91.57446347393565
244.70508410310825
254.7395075424727
247.478305689626
256.2656292528691
91.30251012561752
245.41555850212816
258.18865565741066
273.39377014380585
236.32256814986914
264.0381858021424
253.4909908796178
250.43020343609163
272.4630798997503
268.76399497021595
271.68147667713976
251.20245279173582
274.8851346528563
257.13600865022306
90.1956101893874
93.95648190043414
247.11367833990738
89.49004574388985
282.0925465451553
272.5535283263082
242.58209342912485
273.4442903941194
90.1332637318562
273.14930605017213
251.14845579326237
268.64165947661456
261.39005427294165
260.0395065655778
240.8236829952291
284.53435220432806
290.85523285394214
293.4451313152607
264.93087806245785
301.7801039545365
271.3189432444806
300.216260259863
251.7405869574959
286.78137032303687
303.9893223960984
270.6895044794023
286.57265883917637
285.06082773617806
260.3687179861251
243.91577855613312
258.1808469307219
296.0072534243786
297.90277262708116
291.5669794756761
265.5702417741451
293.7827871709558
229.7044459607822
274.9343887479011
253.05280724862058
259.2843745757948
261.85662976524554
274.4368512054321
262.6214642216613
266.59781307122614
270.0812269875902
253.74954891055188
305.0
263.4990557039349
128.0050967934254
193.70753057882428
205.8922843287633
209.44900819674808
160.33090586083526
288.0431846912162
195.24649561138108
284.0830375591376
289.30978418477696
114.90037211116993
144.00999641995963
291.18236956317253
294.07316434832063
281.127320763762
200.30200657457738
284.00189760987394
120.318116029522
104.43303130695051
212.9101273683982
189.5468214463367
150.6778034578004
170.6551534386067
160.97549197702548
10.0
193.60845565704994
159.0768611416318
188.01931072200335
179.11207057775138
183.7544724253549
178.46184358014318
52.789335308344846
163.19046525438844
187.35664294270927
166.68242700102056
177.81236327751714
163.23774906763842
175.4875765895357
19.28182192088383
30.508978049355164
169.84936869815257
181.91672480604637
183.21858259695713
196.9029146031321
41.89062381875942
52.789300959141315
176.96770002977692
168.76498020127394
169.04220710928183
54.14841694869935
164.404373238711
130.92352590383445
114.49467347181653
100.77281354442982
140.43935102103273
155.3565096096039
144.31464012384703
145.72975712729584
121.37250140766054
142.8368790651981
109.8352855742369
151.29370160346053
161.43871840367765
139.81866964388482