1120.2379414313004
870.6447218256023
701.3329651026547
1154.8175083770088
3021.192489181644
1209.070746332504
1114.0926184977432
958.844888378317
901.3245266264744
991.2098827423839
2975.9166079183838
1213.2477306532955
1097.7426420877664
1181.3254974628992
1080.1756314482116
2979.0470314821277
1205.069541953344
1058.039896743309
883.015581095003
1309.7379030514983
990.7066312580768
1112.114173106964
1147.3465436443535
893.7286489375455
936.3083880704539
902.7255933057265
1138.4572705578266
865.8486565833673
1070.156794792127
2991.788428727323
2948.4974690929184
1185.5226807467382
2999.9100995197055
782.8849712277722
892.6875075522619
1237.685230954536
882.4340483321014
2992.506091594792
885.8295790249173
1139.0788237670008
937.716577799393
1021.1889672549393