17.699917216099983
10.349667846219836
5.363620408183841
18.718247924582172
73.68096505404283
20.31594688742384
17.51894412680113
12.947067004945279
11.253154792948205
13.900180954941483
72.3476395003608
20.43895454131924
17.03745507034824
19.498879427245424
16.520125676993526
72.43982707606186
20.19811576199045
15.868252319521803
10.71397622243869
23.280485372925714
13.885360745036488
17.46068105775667
18.498236123358772
11.029464440762604
12.283391535520016
11.294414685715331
18.236456680767517
10.208428931235153
16.225081813483712
72.815047393428
71.54017562697148
19.62248191867546
73.05422178173225
7.7652384592693995
10.998803957183659
21.158612396906832
10.69685071385783
72.83618178581146
10.796845406721308
18.254760748046657
12.324861194367951
14.783032449850294
15.240845232007512
21.75468373043081
6.937507727346413
4.794836320697583
3.9169046388946724
13.582753199166833
1.0914901849028766
11.417307374752355
1.6216066915718512
18.05403831949291
6.175806670156993
0.342602577593779
11.630676447660242
6.24655632570292
6.759041445363367
15.129248140296585
20.706515743683685
15.870899345518
3.048388669702181
2.405839787430123
4.5535662794318466
13.36601973757795
3.802445026794629
25.523916623463663
10.191732627830131
17.60921788182353
15.496822177696675
14.624871266018468
10.360389421887419
14.365605348589392
13.017690484330119
11.836872207596553
17.373034267609533
0.0
14.06811671053055
59.99827227341512
37.72626082073754
33.5958358207582
32.39016671296675
49.04037089463212
5.748072986028416
37.20457775885387
7.090495742665212
5.318717225499338
64.44055182672206
54.572882569505204
4.68394252095847
3.70401208531504
8.092433639402715
35.490845228956815
7.118000810212216
62.60402846456882
67.98880294679644
31.21690597681417
39.13667069615705
52.312608997355795
45.540625953014676
48.82186712643204
100.0
37.75984553998307
49.46547079944685
39.65447094169378
42.67387438042326
41.100178838862746
42.894290311815865
85.49514057344243
48.07102872732595
39.87910408721719
46.88731288100998
43.114453126265374
48.05500031605477
43.90251641032688
96.853619687836
93.04780405106605
45.81377332266015
41.723144133543606
41.28183640781114
36.64307979554844
89.18961904448832
85.49515221724023
43.40077965092308
46.18136264363595
46.087387420582424
85.03443493264429
47.659534495352204
59.00897426988663
64.57807678921473
69.22955473070176
55.78327084032788
50.72660691199868
54.46961351733999
53.9899128382048
62.246609692318465
54.97054946942437
66.157530313818
52.103829964928636
48.66484121909232
55.99367130715769