0.061925939611486486
0.0660400390625
0.22775021114864866
0.0693920238597973
0.06296518686655406
0.07266812711148649
0.0582836254222973
0.071044921875
0.08065218538851351
0.17751332875844594
0.06707598711993243
0.07337745460304054
0.060144372888513514
0.05870922191722973
0.06282662056587837
0.05937236064189189
0.21243203652871623
0.2057907516891892
0.06078441722972973
0.05595769108952703
0.07600361592060811
0.0660400390625
0.18740432326858109
0.17770798141891891
0.0634204761402027
0.061315588048986486
0.06294539168074324
0.17134382918074326