59.71201621148098
85.23254503359462
27.180419955489477
18.785660490246936
15.34601721466969
53.21578737128634
4.27634285523206
44.73180015114387
6.353283140257315
70.7338085523135
24.196155947632615
1.3422805858832447
45.567757563384205
24.473345599164727
26.481207978676384
59.27479063455546
81.12593395893077
62.1805014475254
11.943263703109944
9.425825287403107
17.840390041259724
52.36664864079212
14.897576586263847
99.99999999999999
39.93012819380964
68.9910492249285
60.7149067531851
57.298695501042715
40.590907636656766
56.28291911666627
51.00193154667805
46.37561069571562
68.06570685800949
0.0
55.117390164164654