18.057342351147568
7.298362464001622
0.0
19.547931181496548
100.0
21.886574422277878
17.79244170221724
11.100323989569906
8.620847919798877
12.49545132500269
98.04833522058905
22.066627752121192
17.08765866512934
20.690586105674093
16.330414079531895
98.1832754413762
21.714098272854624
15.37622980780576
7.831621445461372
26.22593875335565
12.473758137157322
17.707158719767488
19.2258873398281
8.2934195729491
10.12886429237939
8.681242381821674
18.842705815504722
7.091622995837525
15.898541522073387
98.73250685444006
96.86640422257523
20.871510133197066
99.08260006948534
3.5153855342812004
8.248540071648394
23.120032065942414
7.806553860253493
98.7634424718781
7.952921804414421
18.86949852440467
10.189565800997597
13.787731491167381