2065.627924827787
2177.049389265717
3914.910829677001
1801.4151156282019
2198.904309393473
1865.7511170566033
1968.2813289769229
1914.8431778161241
1975.766016801816
3422.367735964033
2151.553087847098
1873.3790092817428
2111.357519736039
1983.2421095070627
2151.008809337211
2010.0024604045395
3808.0688502150447
3678.834353505362
2074.9032198532877
1935.997278279595
1921.011743699803
1763.4929794295306
3547.8215443927547
3422.3681313537445
1992.9649305368737
2087.38549052168
2084.1943636217943
3406.7235042664634