17
31
45
59
73
87
101
115
129
143
157
171
185
199
213
227
241
255
269
283
17
31
45
59
73
87
101
115
129
143
157
171
185
199
213
227
241
255
269
283
17
31
45
59
73
87
101
115
129
143
157
171
185
199
213
227
241
255
269
283
17
31
45
59
73
87
101
115
129
143
157
171
185
199
213
227
241
255
269
283
17
31
45
59
73
87
101
115
129
143
157
171
185
199
213
227
241
255
269
283
17
31
45
59
73
87
101
115
129
143
157
171
185
199
213
227
241
255
269
283
17
31
45
59
73
87
101
115
129
143
157
171
185
199
213
227
241
255
269
283