242.78524421250506
290.4684798536515
303.17731979585767
229.7811686224826
75.64115309057365
215.06795668209966
239.31911482593665
268.8061523354114
287.80319336080277
275.9944661829226
91.57446347393565
214.70508410310825
248.73950754247267
223.478305689626
258.2656292528691
103.30251012561752
221.41555850212816
280.18865565741066
271.39377014380585
210.32256814986914
272.0381858021424
259.4909908796178
236.43020343609163
276.4630798997503
258.76399497021595
253.68147667713976
237.20245279173582
276.8851346528563
229.13600865022306
82.1956101893874
101.95648190043414
241.11367833990738
95.49004574388985
290.0925465451553
284.5535283263082
208.58209342912485
267.4442903941194
84.1332637318562
293.14930605017213
237.14845579326237
264.64165947661456
257.39005427294165
230.03950656557782
222.8236829952291
246.53435220432806
284.85523285394214
261.4451313152607
258.93087806245785
293.7801039545365
299.3189432444806
304.216260259863
231.7405869574959
284.78137032303687
301.9893223960984
252.68950447940227
256.57265883917637
267.06082773617806
240.3687179861251
223.91577855613312
244.18084693072188
296.0072534243786
291.90277262708116
251.56697947567608
265.5702417741451
285.7827871709558
213.7044459607822
284.9343887479011
221.05280724862058
239.2843745757948
263.85662976524554
270.4368512054321
246.6214642216613
248.59781307122614
282.0812269875902
231.74954891055188
305.0
253.4990557039349
128.0050967934254
193.70753057882428
201.8922843287633
205.44900819674808
160.33090586083526
298.0431846912162
195.24649561138108
276.0830375591376
267.30978418477696
112.90037211116993
136.00999641995963
281.18236956317253
304.07316434832063
301.127320763762
200.30200657457738
276.00189760987394
122.318116029522
104.43303130695051
212.9101273683982
185.5468214463367
142.6778034578004
160.6551534386067
170.97549197702548
8.0
189.60845565704994
151.0768611416318
192.01931072200335
185.11207057775138
183.7544724253549
164.46184358014318
62.789335308344846
181.19046525438844
189.35664294270927
158.68242700102056
185.81236327751714
153.23774906763842
167.4875765895357
19.28182192088383
30.508978049355164
171.84936869815257
183.91672480604637
177.21858259695713
200.9029146031321
39.89062381875942
52.789300959141315
176.96770002977692
178.76498020127394
171.04220710928183
48.14841694869935
170.404373238711
134.92352590383445
114.49467347181653
98.77281354442982
138.43935102103273
163.3565096096039
138.31464012384703
139.72975712729584
121.37250140766054
144.8368790651981
107.8352855742369
147.29370160346053
163.43871840367765
131.81866964388482