89.80464001397756
118.16083005965842
26.339315681165708
43.594565728861674
367.5242598351122
55.53771230348466
91.22049930350242
79.54360363439484
79.24501367435407
81.85386676728244
373.6795019446826
55.003315757912624
49.707615762373074
55.59297942709248
90.58770247049132
361.07568163396206
53.271515481239234
59.34553696740859
31.414869995250072
46.46233576027887
61.199171894399605
71.11824791979939
53.06706780588957
117.09676717452125
35.57574506523188
119.57702107448742
72.68274149478205
119.75198094877707
38.051357935607996
359.9306338929149
375.0
55.33980251910796
364.84443743407115
30.57294570394154
119.46906772119466
55.00162100336971
121.71196534667817
360.87999454691305
73.99682958047305
65.37823382011771
123.38004788940424
61.349848741014924
87.08113049904959
36.23724487622032
17.034710226772432
17.55314502342425
20.367701763314773
48.453890461779025
20.98948128734912
76.24175838070624
21.210418270515603
45.53411198966366
18.5177813584097
19.65320272092815
73.69670044678814
15.0
17.604160365923523
49.395069441706234
39.325422008826095
49.825998014701646
18.941968368738934
21.381162625503208
19.222359772363678
46.05050274325911
15.750192334112988
35.74541486023101
66.78193845040758
43.31478764087001
50.01638243586597
50.07330779087515
68.26535698744416
80.27384760780895
46.35582448747063
44.2521157947634
45.54741282104334
21.283608266255435
80.84424877962992
137.56187481033635
77.30569704202742
75.40545949778544
76.59947440523653
134.85312302684517
29.273287208526753
79.1845327174456
32.1519906585007
30.109184132569215
132.78643275682563
136.91236070648264
28.489165664008738
28.721769798095508
30.285382732800485
78.54582618468942
29.33119660785116
128.92887756563883
129.21243530726895
75.44982188409534
78.06724102811381
131.86323287918322
174.14550675166817
119.78365140245783
47.205697745230644
91.58119135064379
118.32484805227597
101.39723819059988
180.65030197628627
101.49670980314404
85.02776011951796
45.278844390752454
117.3294266578671
101.66980573028414
111.68390857561286
183.47870167862143
115.80937160234875
179.78574004835727
44.957447460874974
43.55817221852432
170.90023073472025
169.88811801894985
82.0365329294027
117.14780758850968
46.45298978300809
45.28323323169239
185.14952181248955
110.84484680641637
117.46008239762726
42.99378755955948
113.22283424695557
52.604576976695384
57.47373436472555
57.23178664454132
62.21105001479521
115.56559029179644
107.21474156945253
110.63324522201555
55.055138471282866
66.33122946562827
58.11487968657573
110.23832813609583
113.04591427209527
108.01519198798556